gene	Rho	N	P	p.adj	stat
aligned_OG0000018_pruned_1	-0.635850784457874	19	0.00128048017610139	0.0287957634749613	-2.89262714072262
aligned_OG0000135_pruned	-0.42410349187173	30	0.0059292341519224	0.0729235707097077	-2.22700139855369
aligned_OG0000148_pruned_3	-0.547722557505166	16	0.0117186855997686	0.10966490087434	-1.93112109725817
aligned_OG0000151_pruned_2	-0.394664881467296	31	0.00916607391901213	0.0963373362735186	-2.03781664474674
aligned_OG0000216_pruned_1	-0.353846639501341	38	0.00926595592072073	0.0967940101273567	-2.03310977011962
aligned_OG0000235_pruned	-0.396381323067253	48	0.000987545753100902	0.024128592712509	-3.00544277432535
aligned_OG0000249_pruned_2	-0.471559562571508	20	0.01401927711396	0.121228452098269	-1.85327437962986
aligned_OG0000266_pruned	-0.415619466772905	19	0.0352965968414079	0.199478494036172	-1.45226716555398
aligned_OG0000273_pruned_3	-0.392968500549653	26	0.0182037837188057	0.141604432966479	-1.7398383330364
aligned_OG0000284_pruned_2	-0.433876017745524	19	0.0279918154856658	0.176241867302977	-1.55296893326526
aligned_OG0000331_pruned_2	-0.482381910618866	16	0.0264309737781526	0.171671650382452	-1.57788683616122
aligned_OG0000341_pruned_1	-0.405998971470575	21	0.0298088937045306	0.181794869672461	-1.52565414161021
aligned_OG0000341_pruned_3	-0.392792202424786	21	0.035557905699921	0.200229784532966	-1.44906382615381
aligned_OG0000359_pruned	-0.438286278201907	23	0.0137108300781332	0.120130630323572	-1.86293625145119
aligned_OG0000461_pruned_2	-0.396437508836763	36	0.00460586402051743	0.0626827961371727	-2.33668888791123
aligned_OG0000470_pruned_2	-0.461880215351701	25	0.00657841361282637	0.0773787229644408	-2.1818788240548
aligned_OG0000484_pruned_4	-0.520996573244168	38	0.000127492225998924	0.00649140487760955	-3.89451629608259
aligned_OG0000486_pruned_1	-0.419710824446042	22	0.0212314615250602	0.153389486242635	-1.67302010897006
aligned_OG0000546_pruned_1	-0.394743920166998	44	0.00171947830034217	0.0345843135491474	-2.76460330056376
aligned_OG0000561_pruned_1	-0.390150220517861	26	0.0190520463761956	0.144524827131601	-1.72005837000627
aligned_OG0000574_pruned_3	-0.586555725441001	16	0.00695050894308376	0.0802007220516527	-2.15798339352783
aligned_OG0000626_pruned_1	-0.367181274686802	42	0.00442962484491023	0.0614325685634122	-2.35363305361542
aligned_OG0000632_pruned_1	-0.386979776510047	44	0.00211789642397637	0.0394783364189936	-2.67409528294215
aligned_OG0000703_pruned_1	-0.400668337976507	27	0.0140069510433957	0.121228452098269	-1.85365638927773
aligned_OG0000740_pruned_1	-0.460412183424858	28	0.00398832090775138	0.0566061686731731	-2.39920990480909
aligned_OG0000772_pruned_1	-0.360716734785252	31	0.0172351501327983	0.137296639077576	-1.7635849291657
aligned_OG0000797_pruned_1	-0.393722673794194	20	0.0402427852455695	0.213718248995617	-1.39531196893321
aligned_OG0000820_pruned_2	-0.350177921528386	34	0.015171085936968	0.127211629718392	-1.81898333156967
aligned_OG0000841_pruned_3	-0.380875031307756	20	0.0472209040035772	0.233964543085418	-1.32586570298353
aligned_OG0000865_pruned_2	-0.51809367167683	20	0.00695050894308373	0.0802007220516527	-2.15798339352783
aligned_OG0000880_pruned_1	-0.441510785688348	19	0.0253473186774683	0.16838852854986	-1.59606797499609
aligned_OG0000916_pruned	-0.421809223536276	18	0.0381517101734152	0.208076855260401	-1.41848598976072
aligned_OG0000961_pruned_2	-0.478605309436635	40	0.000299526294847344	0.0114180678156205	-3.52356504570929
aligned_OG0000962_pruned_1	-0.362328650926271	27	0.02628545207496	0.171031614439485	-1.58028454929147
aligned_OG0000973_pruned_1	-0.358870281282637	33	0.0143058784354297	0.122860627071339	-1.84448546970445
aligned_OG0001017_pruned	-0.391739300779829	38	0.00396750557471103	0.0565311312905499	-2.40148245434891
aligned_OG0001070_pruned_2	-0.396189076277502	53	0.000527287234719333	0.0164771603261436	-3.27795274252793
aligned_OG0001072_pruned_1	-0.579655069847578	15	0.0101123339213335	0.101382954573712	-1.99514859790286
aligned_OG0001088_pruned_1	-0.448726695359302	47	0.000225693167609472	0.00944409168600326	-3.64648158808404
aligned_OG0001109_pruned_2	-0.469276272807629	37	0.000667026893821934	0.0192723127536409	-3.17585665543427
aligned_OG0001120_pruned_3	-0.353583999951419	25	0.0374974908157199	0.205277617014479	-1.42599779257485
aligned_OG0001177_pruned_2	-0.472616833854375	29	0.00260023727829412	0.0445750554878688	-2.58498701973997
aligned_OG0001194_pruned_1	-0.356722535420098	40	0.00704046556356067	0.0808543056282101	-2.15239862139765
aligned_OG0001199_pruned	-0.353100986837152	40	0.00764032187690643	0.0859801910135329	-2.11688834477252
aligned_OG0001236_pruned	-0.390803368367358	25	0.0214887391196774	0.154158624160199	-1.66778906656679
aligned_OG0001308_pruned_2	-0.460062376454344	22	0.0115587243036776	0.109124155441754	-1.93709009484675
aligned_OG0001316_pruned_2	-0.515832895701368	21	0.00577351784589214	0.0719209119101525	-2.23855948744728
aligned_OG0001327_pruned_1	-0.381529197579247	28	0.0170416921688018	0.136595840107363	-1.76848728380138
aligned_OG0001392_pruned_1	-0.395023025311119	29	0.0118354522658119	0.109915724422674	-1.92681514180811
aligned_OG0001464_pruned_2	-0.438274162030856	18	0.0312286169485295	0.186460802061142	-1.50544724935682
aligned_OG0001532_pruned_1	-0.435214576816157	27	0.00760913308785953	0.0857617616295746	-2.11866481978728
aligned_OG0001598_pruned	-0.435285750066007	19	0.0274863361115103	0.174327537654971	-1.56088314711911
aligned_OG0001637_pruned_3	-0.4178818259491	36	0.0028205755513182	0.0469945322406128	-2.54966226286603
aligned_OG0001717_pruned_1	-0.382235393578219	45	0.00213088672059669	0.0394783364189936	-2.67143963706544
aligned_OG0001732_pruned	-0.386509406224541	38	0.00447928738979912	0.0616515907091255	-2.34879107245152
aligned_OG0001755_pruned_2	-0.432135815701443	18	0.0336720688563458	0.19449592818879	-1.47273019916606
aligned_OG0001758_pruned	-0.381694978890958	41	0.00348700489214138	0.0529893761836909	-2.45754744332419
aligned_OG0001832_pruned	-0.473100324369521	23	0.00780172763673982	0.0869898605254252	-2.10780921525541
aligned_OG0001843_pruned	-0.369560350097688	111	2.29156148611629e-06	0.000427816902061865	-5.6398684854745
aligned_OG0001956_pruned_1	-0.461681906890646	56	3.2317870795036e-05	0.00251725552437552	-4.4905572596681
aligned_OG0001956_pruned_2	-0.531085004543794	13	0.029912990320776	0.181951948642916	-1.5241401695532
aligned_OG0002008_pruned_1	-0.403210821936606	36	0.00395424091008524	0.0564526040516287	-2.40293687504929
aligned_OG0002043_pruned_3	-0.350823207722812	26	0.0350149810196625	0.198687007539921	-1.45574610473104
aligned_OG0002048_pruned_2	-0.553911709406997	16	0.0108036845328454	0.104325765362927	-1.96642810568088
aligned_OG0002050_pruned_1	-0.355035801248363	35	0.0124193306515523	0.113456896454143	-1.90590181013132
aligned_OG0002104_pruned_2	-0.354913171856314	65	0.000558554921483316	0.0171162000795245	-3.2529341172226
aligned_OG0002302_pruned	-0.393798073988336	105	9.81654841824621e-07	0.00026471958901204	-6.00804118700019
aligned_OG0002361_pruned_2	-0.366586217483641	47	0.00258502404174521	0.0444954138249335	-2.58753541344094
aligned_OG0002395_pruned	-0.603381524467947	12	0.0185329748770266	0.142490591425164	-1.73205486298121
aligned_OG0002466_pruned_2	-0.374552873533849	25	0.0275471481074148	0.174561170905211	-1.55992335598908
aligned_OG0002587_pruned_1	-0.435897966613378	49	0.000250700850654519	0.010254791537166	-3.60084419243214
aligned_OG0002587_pruned_2	-0.396189278341105	20	0.0390083417973429	0.21068736173817	-1.40884251068718
aligned_OG0002609_pruned_2	-0.398283407393313	49	0.000821104841988925	0.0215052674623071	-3.08560138686319
aligned_OG0002741_pruned_1	-0.483045891539648	16	0.026224181348738	0.171031614439485	-1.58129806047568
aligned_OG0002783_pruned_2	-0.491371761615251	21	0.0085516693228406	0.0923808669727039	-2.06794910083508
aligned_OG0002819_pruned_2	-0.417365006184151	32	0.0050693095567016	0.0667443813423949	-2.29505118783312
aligned_OG0002859_pruned	-0.370696079414402	57	0.000756964640316339	0.0202627189196444	-3.12092440699155
aligned_OG0002941_pruned_2	-0.378408985866701	27	0.0203095036554267	0.150430820056116	-1.69230069020146
aligned_OG0002945_pruned_2	-0.449305528427436	26	0.00693415182108363	0.0802007220516527	-2.15900665383378
aligned_OG0003104_pruned	-0.389596346344629	115	3.9236286112989e-07	0.000177081436596734	-6.40631210722909
aligned_OG0003121_pruned_1	-0.467718144533414	30	0.00240814871352708	0.0422499536944353	-2.61831669703633
aligned_OG0003168_pruned_1	-0.452910813657838	27	0.00547855324254737	0.0692863862006814	-2.26133411336475
aligned_OG0003172_pruned_2	-0.512450038556742	17	0.0146974217700235	0.124287953435007	-1.83275884275225
aligned_OG0003323_pruned_2	-0.431382640224006	24	0.0130425199405689	0.117093203066933	-1.8846384906169
aligned_OG0003343_pruned	-0.371222439012269	26	0.0256964190872529	0.169164220049085	-1.59012739336136
aligned_OG0003666_pruned	-0.433065569568613	21	0.0204785871628763	0.150915580094031	-1.68870000905032
aligned_OG0003673_pruned	-0.411103208395673	20	0.0322096856737104	0.18958667856935	-1.49201351333117
aligned_OG0003760_pruned_1	-0.378095325708169	71	0.000119414475448346	0.00621040568385288	-3.92294302474524
aligned_OG0003761_pruned_2	-0.463586324972765	19	0.0188810401560988	0.144148461511747	-1.72397408410518
aligned_OG0003820_pruned	-0.404331105400002	30	0.0087061554524342	0.0932815268810086	-2.06017358258045
aligned_OG0003827_pruned_1	-0.464095480892257	14	0.0477148802373512	0.235499477935992	-1.32134616189926
aligned_OG0003877_pruned_2	-0.408424983088653	22	0.0249682491630941	0.167243626638903	-1.60261191041061
aligned_OG0003959_pruned	-0.39263618672702	54	0.000522630564800918	0.0164020394065323	-3.28180519518998
aligned_OG0004003_pruned_2	-0.432169110914555	42	0.000809536885082419	0.021355935001033	-3.09176335861806
aligned_OG0004005_pruned	-0.442125675710167	27	0.00670157533564466	0.0782956208613652	-2.17382309593219
aligned_OG0004042_pruned_1	-0.367695526217005	25	0.0305157484504092	0.183928116280984	-1.51547597376911
aligned_OG0004362_pruned_3	-0.477766542952955	24	0.00596779919795642	0.0732741078588882	-2.22418579825097
aligned_OG0004463_pruned	-0.353583999951419	25	0.0374974908157199	0.205277617014479	-1.42599779257485
aligned_OG0004718_pruned_2	-0.363784877575019	34	0.0116482577894378	0.10966490087434	-1.93373902648472
aligned_OG0004724_pruned_2	-0.612873433891189	23	0.000567768799791683	0.0172246859636802	-3.24582847664039
aligned_OG0004749_pruned_1	-0.480557658757016	30	0.00182110300258026	0.0353585358980983	-2.73966548957733
aligned_OG0004749_pruned_2	-0.365757673392292	55	0.00110513907345291	0.0255445002978116	-2.95658306584073
aligned_OG0004815_pruned	-0.585589429341996	20	0.00228193725331545	0.0408225679149626	-2.64169630159769
aligned_OG0004823_pruned_1	-0.380858260535638	23	0.0322096856737104	0.18958667856935	-1.49201351333117
aligned_OG0004872_pruned	-0.432135815701443	18	0.0336720688563458	0.19449592818879	-1.47273019916606
aligned_OG0004968_pruned_2	-0.394096804027227	30	0.0105585304499568	0.103510467689201	-1.97639652326873
aligned_OG0005067_pruned	-0.584306547468143	22	0.00133973885141896	0.0293874362376342	-2.87297984823275
aligned_OG0005237_pruned	-0.365215071528493	35	0.0101207040052231	0.101382954573712	-1.99478927653284
aligned_OG0005256_pruned_2	-0.401741925170939	23	0.0238684421645744	0.163640421280853	-1.62217592541751
aligned_OG0005351_pruned	-0.358883168729224	22	0.0488437961392833	0.238046159791728	-1.31119059005321
aligned_OG0005374_pruned_1	-0.373519053752929	26	0.0247957396806565	0.166473142714797	-1.6056229317594
aligned_OG0005415_pruned	-0.435285750066007	20	0.0233422020128908	0.161707490823842	-1.63185817669946
aligned_OG0005461_pruned_1	-0.454302547425943	30	0.00320243890655527	0.0504696053649976	-2.49451914661029
aligned_OG0005566_pruned	-0.585395376677655	23	0.000994649336780238	0.0241820812735347	-3.00233000261435
aligned_OG0005573_pruned	-0.401022085988157	20	0.0366827744024653	0.203572622274657	-1.43553782507085
aligned_OG0005714_pruned	-0.405555140445339	55	0.000297737946232597	0.0114096315079976	-3.52616581167771
aligned_OG0005899_pruned	-0.456726837400325	30	0.00304323886160007	0.0484853876396282	-2.51666395884668
aligned_OG0005974_pruned	-0.385164443259822	26	0.0206375582439722	0.151626701891384	-1.68534168804774
aligned_OG0005984_pruned_1	-0.553446041641282	17	0.00841545873800215	0.0914521717483488	-2.07492220506513
aligned_OG0006127_pruned	-0.570635319385272	19	0.00385205206578479	0.0558701017748586	-2.41430785142024
aligned_OG0006152_pruned	-0.413756324302334	34	0.00411581486986212	0.0579637293374586	-2.38554416811891
aligned_OG0006372_pruned	-0.380918613222024	55	0.000679995913587218	0.0193638142126489	-3.16749369716414
aligned_OG0006406_pruned	-0.445294531772343	44	0.000405796134317087	0.0138713692674306	-3.39169209444598
aligned_OG0006411_pruned	-0.380365015054677	45	0.00224066449654089	0.0405257395634288	-2.64962316720839
aligned_OG0006558_pruned	-0.434755214775158	32	0.00350738479929008	0.0529893761836909	-2.45501658454886
aligned_OG0006683_pruned	-0.35929180484014	38	0.00823877358844551	0.0903411302672767	-2.08413743192078
aligned_OG0006926_pruned	-0.358883168729224	22	0.0488437961392833	0.238046159791728	-1.31119059005321
aligned_OG0007007_pruned	-0.417152925372696	24	0.0163631118231578	0.132820309012722	-1.78613410169688
aligned_OG0007071_pruned	-0.383112255989763	38	0.00484303065836712	0.0647011123368276	-2.31488278168286
aligned_OG0007083_pruned	-0.368855657826888	40	0.0053266483157747	0.0685217780691795	-2.27354597593159
aligned_OG0007113_pruned	-0.430187328605477	20	0.0250115255940394	0.167379520082905	-1.60185981739121
aligned_OG0007157_pruned	-0.402142924188688	41	0.00208619411212067	0.0391484003359552	-2.68064528464353
aligned_OG0007293_pruned	-0.361340023537327	36	0.00980775951351963	0.0998928235883347	-2.00843019160542
aligned_OG0007321_pruned	-0.361453033400161	37	0.00876865469415773	0.0937512112014133	-2.05706703191567
aligned_OG0007444_pruned	-0.451445160805272	34	0.0017451186995289	0.0349071682727196	-2.75817502784682
aligned_OG0007467_pruned	-0.356188530582867	39	0.00792291852058444	0.0874041965884474	-2.10111481034156
aligned_OG0007626_pruned	-0.415534861287333	30	0.00701619923423961	0.0807029172582916	-2.15389808710177
aligned_OG0007632_pruned	-0.368204059852518	35	0.00952189118409882	0.0987591021530249	-2.02127678593812
aligned_OG0007636_pruned	-0.419065255848259	23	0.0184401239376914	0.142227269481283	-1.73423616434125
aligned_OG0007788_pruned	-0.43492822577565	29	0.00558361680637877	0.0704580831321384	-2.25308439421469
aligned_OG0007991_pruned	-0.404934233106678	23	0.0227747278540403	0.159752209542647	-1.64254680391346
aligned_OG0008400_pruned	-0.487874961462441	26	0.00337043144739772	0.0523081558978596	-2.47231450173085
aligned_OG0008581_pruned	-0.358057437019716	27	0.0281080401471518	0.176731122894138	-1.5511694348248
aligned_OG0008701_pruned	-0.486463136004166	29	0.00193748070925083	0.0370965554697601	-2.71276261290301
aligned_OG0008936_pruned	-0.393990064644336	23	0.0267156984471795	0.172904000350146	-1.57323346726843
aligned_OG0008972_pruned	-0.38112585453633	24	0.028280122568277	0.177353636881675	-1.54851871260459
aligned_OG0009088_pruned	-0.387857933720024	20	0.0433114956682131	0.22317834392092	-1.36339681859673
aligned_OG0009134_pruned	-0.559535322714743	22	0.00213088672059669	0.0394783364189936	-2.67143963706544
aligned_OG0009153_pruned	-0.360581090319595	23	0.0425839558411251	0.22083602740686	-1.37075399719144
aligned_OG0009205_pruned	-0.408037222799621	23	0.0217536153863713	0.155282425125656	-1.66246855425568
aligned_OG0009345_pruned	-0.435285750066007	20	0.0233422020128908	0.161707490823842	-1.63185817669946
aligned_OG0009353_pruned	-0.386439464679496	20	0.0440827085561569	0.22549249876804	-1.35573172915504
aligned_OG0009370_pruned	-0.650791373455968	18	0.00138056431298003	0.0298275630943847	-2.85994335713644
aligned_OG0009381_pruned	-0.432049379893857	21	0.0207763658994044	0.151880241077875	-1.68243041480863
aligned_OG0009407_pruned	-0.480750175372543	22	0.00831766783697102	0.0909053741875211	-2.0799984270164
aligned_OG0009410_pruned	-0.415783377485758	18	0.0409927205597746	0.216226268533919	-1.38729325794869
aligned_OG0009500_pruned	-0.385457666759045	22	0.0343598419283037	0.197298114416388	-1.4639488427984
aligned_OG0009501_pruned	-0.570635319385272	19	0.00385205206578479	0.0558701017748586	-2.41430785142024
aligned_OG0009692_pruned	-0.457329560380024	18	0.0245885664488588	0.165966732568236	-1.60926679055769
aligned_OG0009802_pruned	-0.582489104348623	23	0.00105403404578479	0.0247981334461413	-2.97714536098527
aligned_OG0009856_pruned	-0.360589430193946	22	0.0477801540401709	0.235499477935992	-1.32075245444616
