gene	Rho	N	P	p.adj	stat
aligned_OG0000001_pruned_2	0.361044554299188	32	0.0153334654548652	0.127455031477481	1.81435968090298
aligned_OG0000029_pruned_2	0.378196897175126	27	0.0203798740617465	0.150646883933695	1.69079850406156
aligned_OG0000041_pruned	0.35738456255106	24	0.0397105319226853	0.212597340389024	1.40109429552136
aligned_OG0000075_pruned_3	0.401022085988157	20	0.0366827744024653	0.203572622274657	1.43553782507085
aligned_OG0000189_pruned	0.462910049886276	21	0.0132429375674621	0.118308991937045	1.87801566838332
aligned_OG0000202_pruned_1	0.431129472434505	31	0.00441948685714129	0.0614089385626827	2.35462815328648
aligned_OG0000236_pruned_1	0.477660596273982	42	0.000213827721635566	0.00915293460576408	3.66993599148972
aligned_OG0000239_pruned_1	0.36486372952863	55	0.00113663330660526	0.026189326282889	2.94437962203496
aligned_OG0000339_pruned	0.586939185653422	19	0.00295286917827633	0.0478838318196658	2.529755793269
aligned_OG0000349_pruned	0.469668218313862	17	0.0253473186774683	0.16838852854986	1.59606797499609
aligned_OG0000386_pruned_1	0.475485380501196	41	0.000273716419805981	0.0108986205464394	3.56269914918382
aligned_OG0000411_pruned_1	0.370909900435161	45	0.00287916203398259	0.0473246028045774	2.54073389313362
aligned_OG0000417_pruned	0.652154650726025	19	0.000956934756441269	0.0236987821824792	3.01911767129677
aligned_OG0000459_pruned_1	0.494670449212505	90	1.31549155538077e-08	1.19726175184092e-05	7.88091193546372
aligned_OG0000459_pruned_2	0.369098999041214	71	0.000172800663541897	0.00786351019530346	3.76245459419491
aligned_OG0000470_pruned_3	0.478148032648406	33	0.0010999591455141	0.0255057405684337	2.95862344503022
aligned_OG0000475_pruned_1	0.399429793010185	27	0.0143058784354296	0.122860627071339	1.84448546970445
aligned_OG0000490_pruned_2	0.460650315833481	23	0.00958315664745183	0.09925314871991	2.01849141276296
aligned_OG0000512_pruned_2	0.448539491093068	35	0.00158632124932552	0.0330910644616101	2.79960885820284
aligned_OG0000513_pruned_3	0.358327916565539	46	0.0035857450345604	0.0537197728325808	2.44542059431097
aligned_OG0000565_pruned_3	0.548398509973291	33	0.000181745348520211	0.00811833056794882	3.74053669539523
aligned_OG0000616_pruned_2	0.443310347466787	17	0.0348084788118671	0.198687007539921	1.45831495568863
aligned_OG0000649_pruned_1	0.463252819314869	36	0.000929912486126558	0.0232300860422041	3.03155792088765
aligned_OG0000711_pruned	0.468265014445085	54	3.51798870592681e-05	0.00266817455915137	4.45370555912573
aligned_OG0000721_pruned_1	0.415604707296817	20	0.0303684722342539	0.183613021152552	1.51757705585659
aligned_OG0000817_pruned_1	0.35456948342555	50	0.00261376226578597	0.0446333010552585	2.58273391612524
aligned_OG0000832_pruned_3	0.514631947177513	32	0.000548781503877189	0.0170028856584247	3.26060053450874
aligned_OG0000841_pruned_1	0.461167901884406	38	0.000695641949985107	0.0195817297112214	3.15761423618958
aligned_OG0000867_pruned_3	0.479839926384036	26	0.0039330874828218	0.056371673154381	2.40526639356375
aligned_OG0000880_pruned_3	0.394899251839395	19	0.0455002638963584	0.229520975676757	1.34198608447696
aligned_OG0000888_pruned_1	0.434248118673448	21	0.0201367515503463	0.149607844936808	1.69601058827826
aligned_OG0000920_pruned	0.400426318379622	113	2.3749422401603e-07	0.000115279696337381	6.62434694818004
aligned_OG0001007_pruned_2	0.36430604443135	31	0.0161569312611813	0.131586819365393	1.79164112270084
aligned_OG0001014_pruned_2	0.466280352306184	51	6.35865336763856e-05	0.00395703890339969	4.19663484927727
aligned_OG0001047_pruned	0.599886610600896	15	0.0077739565522673	0.0869898605254252	2.10935789091896
aligned_OG0001063_pruned_2	0.513162517230404	24	0.00314448035206713	0.0498800902906335	2.50245111456733
aligned_OG0001071_pruned	0.51703507359295	22	0.00453875982822346	0.0621178765212313	2.34306279765744
aligned_OG0001077_pruned_2	0.423137508004668	82	3.55323863766423e-06	0.000582903223167938	5.44937562405009
aligned_OG0001093_pruned_2	0.372677996249965	36	0.0077316778923166	0.086740133642461	2.11172624731076
aligned_OG0001102_pruned	0.403253555628517	29	0.0101858261526925	0.101382954573712	1.99200374044834
aligned_OG0001111_pruned_1	0.64007575309253	11	0.0176220909623244	0.138709669509929	1.75394256133135
aligned_OG0001132_pruned	0.379621180503998	115	7.70292621405884e-07	0.00022434002305825	6.11334426220378
aligned_OG0001152_pruned_1	0.49043474645078	37	0.000376245991664039	0.0132963911220433	3.4245281181289
aligned_OG0001161_pruned	0.397229328241619	38	0.00348791319260114	0.0529893761836909	2.45743433235284
aligned_OG0001186_pruned	0.354841794914666	134	5.934185205464e-07	0.000214361290197683	6.22663890351027
aligned_OG0001192_pruned	0.412160204688608	59	0.000137733460744515	0.00691611950124699	3.86096054012512
aligned_OG0001216_pruned_2	0.42340489921997	17	0.0438197928026749	0.22500134795224	1.35832968028667
aligned_OG0001245_pruned_2	0.444800893911966	61	2.84434861362878e-05	0.00237097150070648	4.54601717598137
aligned_OG0001350_pruned	0.375914912329933	56	0.000713513575290255	0.0196913128030852	3.1465977595955
aligned_OG0001416_pruned	0.365655975649	37	0.00801539672370026	0.0882906256357966	2.09607497728365
aligned_OG0001460_pruned_1	0.473665466715671	21	0.0112535989475706	0.107107782924525	1.94870856616449
aligned_OG0001467_pruned_2	0.44427816717863	39	0.000926204886001965	0.0232300860422041	3.03329293230553
aligned_OG0001516_pruned	0.461372177264719	43	0.000294403826340325	0.0114096315079976	3.53105654981113
aligned_OG0001553_pruned	0.385129218563305	21	0.0393087399538148	0.211535059574076	1.40551087731641
aligned_OG0001563_pruned	0.379597059911873	32	0.0108036845328454	0.104325765362927	1.96642810568088
aligned_OG0001588_pruned_2	0.362287461259064	36	0.00961696509797739	0.0994562875118294	2.01696196009857
aligned_OG0001609_pruned_1	0.409550152401109	54	0.0002965290802597	0.0114096315079976	3.52793270945984
aligned_OG0001623_pruned	0.436519702361131	26	0.0087119129623796	0.0932815268810086	2.05988647211214
aligned_OG0001640_pruned_2	0.434248118673448	21	0.0201367515503463	0.149607844936808	1.69601058827826
aligned_OG0001718_pruned_1	0.373364328316172	32	0.0121715013478897	0.11197260562724	1.9146558484841
aligned_OG0001724_pruned	0.382105825133813	109	1.29020856639207e-06	0.000302609073368326	5.88934007891658
aligned_OG0001740_pruned	0.382484319191677	115	6.35757104809048e-07	0.000214361290197683	6.19670877773169
aligned_OG0001752_pruned	0.472274180292629	57	1.77880110202347e-05	0.00177417134573053	4.74987261016387
aligned_OG0001772_pruned	0.36966111804412	88	2.67987757380833e-05	0.00237097150070648	4.57188504561074
aligned_OG0001792_pruned	0.449485798065288	109	1.23403599349529e-08	1.19726175184092e-05	7.90867217292156
aligned_OG0001793_pruned	0.35404713957744	101	1.59699690254992e-05	0.00163770907710788	4.79669592619513
aligned_OG0001802_pruned_1	0.398962499287518	28	0.0126020249399363	0.114550990746163	1.89955966523303
aligned_OG0001802_pruned_2	0.451407444512896	19	0.02224312059135	0.157541012670836	1.65280428361284
aligned_OG0001807_pruned_1	0.544454303371251	24	0.00172833041819614	0.0346665944211737	2.76237322650901
aligned_OG0001808_pruned	0.361048608105691	108	5.28752748498209e-06	0.000758921176580125	5.27674736211429
aligned_OG0001867_pruned_2	0.501153071580332	45	5.65195934401124e-05	0.00367431247943104	4.2478009708035
aligned_OG0001879_pruned_1	0.403861432223219	36	0.00389627960495265	0.056175864957743	2.40934988481938
aligned_OG0001896_pruned	0.36230601693833	111	3.60261571797242e-06	0.000582903223167938	5.44338206051543
aligned_OG0001920_pruned_2	0.444648645899944	17	0.0342640077348691	0.196903109958628	1.46516184057242
aligned_OG0001934_pruned	0.468575176576705	130	8.40569562981885e-11	6.1201869880711e-07	10.0754263398461
aligned_OG0001957_pruned	0.516145191852951	90	3.01467286285642e-09	4.38996662289152e-06	8.52075980842087
aligned_OG0001997_pruned	0.456820503009717	116	2.31291389068952e-09	4.2100815095276e-06	8.63584053562303
aligned_OG0002039_pruned_1	0.400891862868637	28	0.0121799620459791	0.11197260562724	1.91435406500754
aligned_OG0002052_pruned_2	0.503455612037662	59	3.21436358381995e-06	0.000547372386966086	5.49290500077864
aligned_OG0002059_pruned_1	0.374640883299438	36	0.00741523833713129	0.0841455185653259	2.12987488552063
aligned_OG0002061_pruned	0.491952037014473	17	0.0191724847552231	0.145008575752413	1.71732159888237
aligned_OG0002101_pruned_1	0.415861968050203	51	0.000361542635052521	0.0129674479104306	3.44184048100779
aligned_OG0002109_pruned	0.444760562000322	110	1.50186786565339e-08	1.21501110331359e-05	7.82336827488305
aligned_OG0002112_pruned	0.371695970837514	57	0.000732399031961609	0.01989775131236	3.13525223839275
aligned_OG0002125_pruned	0.353158097895989	112	5.71242816567395e-06	0.000799849797582154	5.24317924818206
aligned_OG0002169_pruned_2	0.471404520791032	16	0.0300595678924124	0.182538543640246	1.52201726670619
aligned_OG0002201_pruned	0.352308351482619	32	0.0179939648094016	0.140573023366151	1.74487313320093
aligned_OG0002214_pruned_1	0.361311595649344	47	0.00297943596447334	0.0481003841625951	2.52586594421292
aligned_OG0002274_pruned	0.426255257505039	78	5.31588792824974e-06	0.000758921176580125	5.27442418360887
aligned_OG0002279_pruned	0.353092665739894	127	1.32996708526115e-06	0.000302609073368326	5.87615910705272
aligned_OG0002290_pruned	0.376662272053954	118	6.73419312869526e-07	0.000214361290197683	6.17171443271717
aligned_OG0002301_pruned	0.41842408962903	127	1.00510063117806e-08	1.19726175184092e-05	7.99779045428583
aligned_OG0002369_pruned_2	0.399001785624231	70	5.56452883612844e-05	0.00367431247943104	4.2545716026738
aligned_OG0002400_pruned_3	0.366718909548839	30	0.0173433591624235	0.137706650012656	1.76086678203775
aligned_OG0002454_pruned_2	0.565752381856018	12	0.0272484408923059	0.173848085535251	1.56465834224016
aligned_OG0002489_pruned	0.380255166785041	100	4.01094054888748e-06	0.000634862133401082	5.39675377518651
aligned_OG0002516_pruned	0.352157040039087	114	4.99896183673297e-06	0.000753627568438495	5.30112017874242
aligned_OG0002568_pruned	0.3530552352667	122	2.16847462208217e-06	0.000415491150615271	5.66384565608574
aligned_OG0002571_pruned	0.469208785848845	121	3.6280573948036e-10	1.32079429457825e-06	9.44032585114631
aligned_OG0002575_pruned_1	0.365263354274887	66	0.000344028542942799	0.0124003555503293	3.46340552391594
aligned_OG0002602_pruned_1	0.441457321527141	32	0.00303297913288358	0.0484278970757135	2.51813057765659
aligned_OG0002671_pruned_1	0.424970172207784	36	0.00238703328642129	0.0420195517559793	2.62214152485236
aligned_OG0002762_pruned	0.439123026500324	69	1.06698616764783e-05	0.00129478771444065	4.9718412107097
aligned_OG0002773_pruned	0.374825942454164	73	0.000109329123834765	0.00589648407882164	3.96126413232379
aligned_OG0002788_pruned_1	0.364960345510255	58	0.000820073770231043	0.0215052674623071	3.08614707863674
aligned_OG0002793_pruned	0.401677873892851	106	5.23738511986747e-07	0.00020070211083029	6.28088549001225
aligned_OG0002821_pruned_2	0.392938021249549	40	0.00299237129776813	0.0481259363282085	2.52398451957522
aligned_OG0002832_pruned	0.487064020965449	74	4.13457550081647e-07	0.000177081436596734	6.38356907308041
aligned_OG0002837_pruned	0.353739931828248	108	8.16249841859342e-06	0.00102467501699618	5.08817688985729
aligned_OG0002843_pruned	0.355639438413214	126	1.23098944051612e-06	0.000298761137213263	5.90974567245069
aligned_OG0002849_pruned	0.365809137748772	104	6.03294003028942e-06	0.000828789365293156	5.2194709917139
aligned_OG0002863_pruned_2	0.441595683446211	27	0.006767561519879	0.0788393846819824	2.16956778762653
aligned_OG0002863_pruned_3	0.392465672421556	21	0.035711269785628	0.200324574895881	1.44719470732368
aligned_OG0002911_pruned	0.472392791258317	114	9.16075556061402e-10	2.22331537456102e-06	9.0380687051233
aligned_OG0002959_pruned	0.479221126407272	90	3.65998348122551e-08	2.49305885855748e-05	7.43652087472275
aligned_OG0002968_pruned_2	0.353583999951419	25	0.0374974908157199	0.205277617014479	1.42599779257485
aligned_OG0002970_pruned	0.379455721688738	109	1.52692203761352e-06	0.000326985863407765	5.81618313681301
aligned_OG0003009_pruned	0.377786057203528	61	0.000378018536226199	0.0132963911220433	3.42248690391045
aligned_OG0003042_pruned	0.372304439610184	36	0.00779325219777923	0.0869898605254252	2.10828126931046
aligned_OG0003064_pruned_1	0.446909678648343	24	0.0101123339213335	0.101382954573712	1.99514859790286
aligned_OG0003082_pruned	0.351489600187427	85	8.76512031414512e-05	0.00506684093573651	4.05724211819988
aligned_OG0003137_pruned	0.431344926267522	34	0.00277963181818541	0.0468483779356665	2.55601272563582
aligned_OG0003150_pruned	0.451454886069851	29	0.00402002533314963	0.0569451448456468	2.39577121009652
aligned_OG0003173_pruned_1	0.415706855242619	44	0.00096232357788166	0.0237514507476487	3.01667887343018
aligned_OG0003183_pruned	0.43191707988023	29	0.00592153702414871	0.0729235707097077	2.22756555096859
aligned_OG0003228_pruned_1	0.388032489620592	30	0.0118146205401278	0.109862390999579	1.92758022240021
aligned_OG0003233_pruned_1	0.418487915365013	44	0.000889267032132457	0.0227984269751987	3.05096780801983
aligned_OG0003258_pruned	0.404469738751564	95	1.77283526592389e-06	0.000348865231653833	5.75133161771215
aligned_OG0003263_pruned	0.362836553314258	91	2.75525861157303e-05	0.00237097150070648	4.55983763154613
aligned_OG0003277_pruned	0.47112820660489	39	0.000444418787329268	0.0146503930269551	3.35220759000802
aligned_OG0003289_pruned_1	0.409485292190464	38	0.00260189514933996	0.0445750554878688	2.5847102085356
aligned_OG0003307_pruned	0.382607420591047	114	7.06588513218566e-07	0.000214361290197683	6.15083342702903
aligned_OG0003347_pruned_2	0.36561224867909	60	0.000646852765530817	0.0189145983366662	3.18919456074431
aligned_OG0003355_pruned	0.517690043648876	42	6.01196835998497e-05	0.00380636014165657	4.22098331370058
aligned_OG0003359_pruned	0.417034834620375	118	3.76646716716554e-08	2.49305885855748e-05	7.42406581402218
aligned_OG0003387_pruned	0.364937972129928	31	0.0159733666481621	0.130676497264346	1.79660353955181
aligned_OG0003411_pruned_1	0.422928605709234	53	0.000215211149500385	0.00915293460576408	3.66713523281484
aligned_OG0003445_pruned	0.405242920767312	100	8.93252924839622e-07	0.000250145174836819	6.04902555308284
aligned_OG0003471_pruned_3	0.38973504863515	31	0.0100749099756515	0.101382954573712	1.99675882580744
aligned_OG0003472_pruned	0.388333145711425	114	4.80942662624136e-07	0.000194541307031463	6.31790669657884
aligned_OG0003498_pruned_1	0.508510721613907	53	8.61638397709632e-06	0.00106332019893624	5.06467495555288
aligned_OG0003527_pruned	0.418242888406514	21	0.0252118427380513	0.168102039355084	1.59839541050285
aligned_OG0003569_pruned_1	0.394868345041104	55	0.000428398375795404	0.0144405952507701	3.36815218439581
aligned_OG0003580_pruned_1	0.356981151142673	44	0.0045833026247347	0.0624925588215231	2.3388214663613
aligned_OG0003596_pruned_1	0.545705156331749	17	0.00937476845943489	0.0975109845044934	2.02803944979027
aligned_OG0003629_pruned_1	0.362210832762633	46	0.00323960953342507	0.0508353383898015	2.48950733167547
aligned_OG0003658_pruned_2	0.655744467690826	18	0.00126842828287172	0.028681448222326	2.89673408282425
aligned_OG0003664_pruned	0.376256066331136	25	0.0268496592922457	0.173346129884309	1.57106122089316
aligned_OG0003686_pruned	0.39890950966315	39	0.00294121179041855	0.0478012567991908	2.53147370174305
aligned_OG0003688_pruned	0.418073217014932	105	2.02482858908512e-07	0.00010698866067154	6.69361173588899
aligned_OG0003711_pruned_1	0.481322498810494	60	7.09741011109324e-06	0.00092279005390839	5.1489000991196
aligned_OG0003723_pruned	0.370534790568038	117	1.13342307419573e-06	0.000284567358731694	5.94560795024942
aligned_OG0003725_pruned_1	0.637430034036958	27	9.26719832422606e-05	0.00527144304677265	4.03305154268781
aligned_OG0003786_pruned	0.388058588221066	107	1.1130151215074e-06	0.000284567358731694	5.95349893526762
aligned_OG0003843_pruned_2	0.416755038706782	44	0.000934159308781203	0.0232300860422041	3.02957905415021
aligned_OG0003914_pruned_2	0.394959837166268	53	0.000548780645208955	0.0170028856584247	3.26060121404179
aligned_OG0003929_pruned_1	0.364364173531744	24	0.0360010980312307	0.201015333409042	1.44368425307626
aligned_OG0003960_pruned	0.371941965689307	78	7.12972058381446e-05	0.00432595796422942	4.14692748996375
aligned_OG0003983_pruned	0.444587475020554	101	6.01666880431352e-08	3.65061379701723e-05	7.22064389417858
aligned_OG0003985_pruned_2	0.432449982093868	22	0.0176075286550928	0.138709669509929	1.7543015961494
aligned_OG0004021_pruned_1	0.418709278996131	36	0.00276649787645941	0.0467351996252923	2.55806965881051
aligned_OG0004050_pruned	0.368764899912219	104	5.07179657375172e-06	0.000753627568438495	5.29483817402791
aligned_OG0004139_pruned_2	0.429452936375342	20	0.0252603016320124	0.168271048657532	1.5975614678608
aligned_OG0004156_pruned	0.370655359743866	88	2.54935175980743e-05	0.00229158397076024	4.59357023640072
aligned_OG0004182_pruned	0.477878830394179	42	0.000212406307465867	0.00915106700981645	3.6728325909006
aligned_OG0004198_pruned	0.424591770910058	93	7.00510632895724e-07	0.000214361290197683	6.15458526826844
aligned_OG0004212_pruned	0.358055849178337	100	1.41426319158321e-05	0.00153690302953991	4.84946976167359
aligned_OG0004277_pruned_1	0.398458948516976	43	0.00176886143698597	0.0351887435046306	2.75230618603279
aligned_OG0004281_pruned	0.417835937538156	105	2.05719166241114e-07	0.00010698866067154	6.6867252444988
aligned_OG0004335_pruned	0.482628437952723	64	3.23266208481551e-06	0.000547372386966086	5.49043969049205
aligned_OG0004336_pruned	0.548408497107082	19	0.00547855324254736	0.0692863862006814	2.26133411336475
aligned_OG0004402_pruned_1	0.386670686893195	37	0.00505040588290721	0.0666159515098685	2.29667371779747
aligned_OG0004411_pruned	0.387701754332696	22	0.0333253677385306	0.193494419859842	1.47722504953801
aligned_OG0004426_pruned_1	0.398409536444798	36	0.00440676954765554	0.0613493098976673	2.3558796603588
aligned_OG0004473_pruned	0.481785446145082	26	0.00378952982363462	0.0554047523009712	2.42141467068311
aligned_OG0004474_pruned	0.392054758890682	101	1.76981391595212e-06	0.000348865231653833	5.752072394386
aligned_OG0004527_pruned	0.365773643458031	36	0.00894309328829829	0.0948992288172849	2.04851223895789
aligned_OG0004547_pruned	0.608885259093418	26	0.000253255642922807	0.0103014208721841	3.59644086911503
aligned_OG0004578_pruned	0.396844878952689	87	7.40825148988084e-06	0.000946306650838989	5.13028428296575
aligned_OG0004620_pruned	0.367225813737774	53	0.00131319641153159	0.0290619546272387	2.8816703127034
aligned_OG0004621_pruned	0.358712326475284	87	5.10048952391566e-05	0.00348221267535963	4.2923881401113
aligned_OG0004641_pruned	0.382820542120368	71	9.80340841900138e-05	0.00540747096202644	4.00862290387804
aligned_OG0004741_pruned	0.409721074720283	85	4.82421531281272e-06	0.000747342801969988	5.31657331714492
aligned_OG0004791_pruned	0.361223286673498	56	0.00114569569243581	0.0263148591060731	2.94093071975582
aligned_OG0004793_pruned	0.497532109857805	31	0.00101988243492792	0.0244323327338611	2.99144988785059
aligned_OG0004831_pruned_1	0.352116614990679	47	0.00380038548467413	0.055452117663151	2.4201723493369
aligned_OG0004831_pruned_2	0.460279282945291	37	0.000845214694854772	0.0218488098911672	3.07303296093484
aligned_OG0004879_pruned	0.381668684913367	73	8.16427376682425e-05	0.00483285181270304	4.08808244082176
aligned_OG0004895_pruned	0.359728756672831	73	0.000204763905433616	0.00887432140156046	3.68874659580428
aligned_OG0005087_pruned_2	0.367116472601483	48	0.00228193725331545	0.0408225679149626	2.64169630159769
aligned_OG0005130_pruned_2	0.398461927783687	47	0.00105581944352476	0.0247981334461413	2.97641034447774
aligned_OG0005147_pruned	0.370326116998122	76	9.52780692561899e-05	0.00533630478657168	4.02100705211175
aligned_OG0005200_pruned_1	0.355597640606961	33	0.0152178724742095	0.127211629718392	1.81764605960852
aligned_OG0005211_pruned	0.35389898255787	65	0.000579314546663926	0.0173955387894383	3.23708556617287
aligned_OG0005275_pruned	0.418946379022858	49	0.000432932534745047	0.0144595494746729	3.3635797758655
aligned_OG0005360_pruned	0.405092703792369	60	0.000157130333919676	0.00750775222436169	3.8037399665689
aligned_OG0005378_pruned	0.414028088403649	58	0.000147180905517152	0.00719210854409652	3.8321485294444
aligned_OG0005526_pruned	0.352924274372381	71	0.000329163995171902	0.0121621641821915	3.48258767514059
aligned_OG0005612_pruned	0.427854757983663	24	0.013804790907555	0.120230481576445	1.859970166959
aligned_OG0005635_pruned	0.394208263992722	66	0.000111848514778958	0.00598800761842349	3.95136977846575
aligned_OG0005641_pruned	0.359356993125094	60	0.000799967155842121	0.0212575213930164	3.09692784341974
aligned_OG0005903_pruned	0.384588153321621	48	0.00139324833203151	0.0299360395626072	2.85597146819995
aligned_OG0005904_pruned	0.397385296389195	54	0.000446695131435796	0.0146503930269551	3.34998878091095
aligned_OG0005915_pruned	0.421809223536276	18	0.0381517101734152	0.208076855260401	1.41848598976072
aligned_OG0005991_pruned	0.476939953992704	58	1.22803853134843e-05	0.00137926460470743	4.91078800641189
aligned_OG0006040_pruned	0.468025233344976	46	0.00014232462563601	0.0070559835914074	3.84671994986266
aligned_OG0006044_pruned	0.441926191731279	46	0.000328198949691794	0.0121621641821915	3.48386281311775
aligned_OG0006138_pruned	0.427311144043833	43	0.000799656180265963	0.0212575213930164	3.09709670189458
aligned_OG0006148_pruned	0.373750690586611	42	0.0037705839897542	0.0552386761154936	2.42359138085891
aligned_OG0006181_pruned	0.398559258463478	53	0.000488041677382066	0.0155171679171128	3.31154308889038
aligned_OG0006247_pruned	0.410391340834062	49	0.000566246157512527	0.0172246859636802	3.24699473204625
aligned_OG0006274_pruned	0.497733013271229	49	2.90284363521449e-05	0.00237097150070648	4.5371763572763
aligned_OG0006295_pruned	0.376787852805137	32	0.0114023012144803	0.107958589262199	1.94300749042724
aligned_OG0006442_pruned	0.388693658011566	37	0.00482531377389663	0.0645829220362892	2.31647444069507
aligned_OG0006451_pruned	0.596502694534898	19	0.00251910284534221	0.0436704471831824	2.59875410155594
aligned_OG0006457_pruned	0.38168474893561	53	0.00083902132915248	0.0218175510627114	3.07622699862841
aligned_OG0006471_pruned	0.565175639359962	41	1.5225486863742e-05	0.00158366814078436	4.8174288110855
aligned_OG0006627_pruned	0.401956650568404	48	0.000836627131119302	0.0218175510627114	3.0774680557196
aligned_OG0006705_pruned	0.491375480975234	46	6.499990404079e-05	0.00397701093547052	4.18708728450462
aligned_OG0006718_pruned	0.379683478913087	46	0.00202831728443209	0.0386601522197645	2.69286410846097
aligned_OG0006723_pruned	0.361550763031094	49	0.00238924521727447	0.0420195517559793	2.62173927467712
aligned_OG0006760_pruned	0.351119831278034	26	0.0348611473846958	0.198687007539921	1.4576583230596
aligned_OG0006835_pruned	0.355334527259351	49	0.00283754488879232	0.0470618777569405	2.54705725938451
aligned_OG0006971_pruned	0.419075814219292	41	0.00134001220037008	0.0293874362376342	2.87289124750886
aligned_OG0006980_pruned_2	0.4486983939114	20	0.0194046273130469	0.146257858660761	1.71209469394131
aligned_OG0006995_pruned	0.387997718517117	40	0.00337657372229007	0.0523081558978596	2.47152376368873
aligned_OG0007006_pruned	0.462919809641074	31	0.00223971757196158	0.0405257395634288	2.64980674268004
aligned_OG0007011_pruned	0.457775087681609	45	0.000234760054063533	0.00971186337293515	3.62937579914359
aligned_OG0007096_pruned	0.597516226579363	26	0.00032988514657575	0.0121621641821915	3.48163723857837
aligned_OG0007103_pruned	0.360444281297512	40	0.00646840795819103	0.0768294915882364	2.1892025972375
aligned_OG0007265_pruned	0.448593858478355	41	0.000596551867085664	0.0178012055092243	3.22435179070307
aligned_OG0007310_pruned	0.388039167785529	31	0.0104056198688736	0.102382862520633	1.98273204350495
aligned_OG0007407_pruned	0.379788066976733	38	0.00522462344006134	0.0674476653671749	2.28194500546509
aligned_OG0007413_pruned	0.370848648085421	40	0.00508431978212584	0.0668190979378885	2.29376714198013
aligned_OG0007438_pruned	0.464101460232744	40	0.000454660398547515	0.0148138300547175	3.3423128717049
aligned_OG0007442_pruned	0.544502459898824	34	0.000159501052849538	0.00750775222436169	3.79723644586551
aligned_OG0007488_pruned	0.419063492447063	37	0.00237612667599698	0.0419916949707136	2.62413040997873
aligned_OG0007556_pruned	0.445777914120864	32	0.00275898564216541	0.0467166847921079	2.55925055959496
aligned_OG0007621_pruned	0.562625130131248	38	3.51298408288766e-05	0.00266817455915137	4.4543238179648
aligned_OG0007768_pruned	0.517659216110073	33	0.000410386685649849	0.0139627357860586	3.38680673766866
aligned_OG0007801_pruned	0.457313680605704	36	0.00108131414937166	0.0252013878221414	2.96604811407814
aligned_OG0007816_pruned	0.376162619751506	33	0.0102429000556418	0.101605661178648	1.98957706485935
aligned_OG0007821_pruned	0.465860108858487	26	0.005118643800038	0.066909956028863	2.29084509140314
aligned_OG0007833_pruned	0.522786346061318	37	0.00015016648905278	0.00724302140656346	3.82342697307901
aligned_OG0007836_pruned	0.375042378696163	37	0.0065384130313011	0.0772827683131547	2.18452764852329
aligned_OG0007857_pruned	0.356986368401111	31	0.018422125454099	0.142227269481283	1.73466026449015
aligned_OG0007913_pruned	0.426935435967071	33	0.00356747193949743	0.0535562127659398	2.44763943421033
aligned_OG0007916_pruned	0.442677262716442	36	0.00155691676172199	0.0326683312452387	2.80773460573063
aligned_OG0007984_pruned	0.375183239688433	31	0.0132429375674621	0.118308991937045	1.87801566838332
aligned_OG0008001_pruned	0.366732078848739	35	0.00981272097750722	0.0998928235883347	2.00821055004476
aligned_OG0008005_pruned	0.397922293514054	36	0.00445522207874632	0.0614364999154393	2.35113064287958
aligned_OG0008006_pruned	0.437658634593183	33	0.00281486365895342	0.0469945322406128	2.55054263583863
aligned_OG0008049_pruned	0.369997832050304	34	0.0102965489721186	0.101722080143821	1.98730831058638
aligned_OG0008180_pruned	0.404737774156051	32	0.00657166287157487	0.0773787229644408	2.18232472411254
aligned_OG0008256_pruned	0.372325772317394	27	0.0224141599924562	0.157926623910893	1.64947753239386
aligned_OG0008347_pruned	0.446796642941024	31	0.00317773929472974	0.0502980865324506	2.49788173567005
aligned_OG0008384_pruned	0.431397981407288	32	0.00376957206341766	0.0552386761154936	2.42370794980618
aligned_OG0008417_pruned	0.364698404312899	29	0.0201367515503463	0.149607844936808	1.69601058827826
aligned_OG0008468_pruned	0.374091317137283	30	0.0152166918525877	0.127211629718392	1.81767975402585
aligned_OG0008694_pruned	0.357122152608961	23	0.0446097180249396	0.227049235023947	1.35057052189624
aligned_OG0008696_pruned	0.376418599565863	21	0.0439751960614418	0.225481269382646	1.35679221558369
aligned_OG0008941_pruned	0.588929490401042	24	0.000700743861509719	0.0196235232909702	3.15444069795459
aligned_OG0009000_pruned	0.372193684159388	25	0.0285390635703625	0.178379419895283	1.54456028114766
aligned_OG0009133_pruned	0.35910815754274	24	0.0387655741776372	0.210357659943813	1.41155377907916
aligned_OG0009145_pruned	0.39032687899217	24	0.0246828565393176	0.166096005972986	1.6076045809648
aligned_OG0009198_pruned	0.390360029179413	21	0.0367138563627041	0.203589937682291	1.43516999552651
aligned_OG0009209_pruned	0.388789637930773	22	0.0328335442435342	0.191564783614106	1.48368223447051
aligned_OG0009235_pruned	0.413220265890109	23	0.0201367515503463	0.149607844936808	1.69601058827826
aligned_OG0009377_pruned	0.40291148201269	22	0.0269922862724023	0.173593865920094	1.56876032872852
aligned_OG0009380_pruned	0.389066829364404	24	0.0251507921394319	0.168004029749699	1.59944833202489
aligned_OG0009403_pruned	0.468623348903205	21	0.0121505340200949	0.11197260562724	1.9154046342563
aligned_OG0009489_pruned	0.35738456255106	24	0.0397105319226853	0.212597340389024	1.40109429552136
aligned_OG0009495_pruned	0.428022736783297	25	0.011793457077065	0.109805832452827	1.92835886925467
aligned_OG0009496_pruned	0.48523345414009	23	0.00635721508258795	0.0763773836740186	2.19673309490886
aligned_OG0009497_pruned	0.592156525463792	21	0.00153067287355577	0.0323977592801149	2.81511761425904
aligned_OG0009710_pruned	0.361050247545161	23	0.042315274905714	0.220226959677272	1.37350283333919
aligned_OG0009832_pruned	0.473879102207274	20	0.0135546660648155	0.119236995917231	1.86791117730846
