FamilyID	Neolecta_irregularis<1>	Protomyces_lactucae<2>	Taphrina_deformans<3>	Pneumocystis_jirovecii<4>	Pneumocystis_carinii<5>	Schizosaccharomyces_pombe<6>	Schizosaccharomyces_cryophilus<7>	Schizosaccharomyces_osmophilus<8>	Schizosaccharomyces_octosporus<9>	Lipomyces_kononenkoae<10>	Lipomyces_chichibuensis<11>	Tortispora_agaves<12>	Yarrowia_lipolytica<13>	Alloascoidea_africana<14>	Sporopachydermia_lactativora<15>	Nakazawaea_anatomiae<16>	Candida_albicans<17>	Debaryomyces_udenii<18>	Saccharomycopsis_selenospora<19>	Lachancea_nothofagi<20>	Saccharomyces_cerevisiae<21>	Sphaerosporella_brunnea<22>	Geopyxis_carbonaria<23>	Morchella_snyderi<24>	Tuber_melanosporum<25>	Peziza_echinospora<26>	Kalaharituber_pfeilii<27>	Tirmania_nivea<28>	Terfezia_boudieri<29>	Rhynchosporium_commune<30>	Amorphotheca_resinae<31>	Neurospora_crassa<32>	Trichoderma_asperellum<33>	Exophiala_viscosa<34>	Aspergillus_niger<35>	Penicillium_ucsense<36>	Penicillium_canescens<37>	Pyrenophora_teres<38>	Septoria_linicola<39>	Aureobasidium_thailandense<40>	Aureobasidium_pullulans<41>	Aureobasidium_melanogenum<42>	<43>	<44>	<45>	<46>	<47>	<48>	<49>	<50>	<51>	<52>	<53>	<54>	<55>	<56>	<57>	<58>	<59>	<60>	<61>	<62>	<63>	<64>	<65>	<66>	<67>	<68>	<69>	<70>	<71>	<72>	<73>	<74>	<75>	<76>	<77>	<78>	<79>	<80>	<81>	<82>	<83>
OG0000000	0.376557	0.810705	0.492007	0.5	0.5	0.0877927	0.376579	0.650783	0.650783	0.0388347	0.533757	0.489254	0.455773	0.264862	0.706369	0.878904	0.813268	0.291481	0.0198098	0.273717	0.492069	0.898019	0.898019	0.90296	0.190421	0.887523	0.868407	0.349724	0.722788	0.0511434	0.90398	8.95872e-05	6.08773e-10	7.58879e-10	0.217187	1.44019e-09	3.26285e-05	0.0156318	0.92002	0.000473014	0.743538	2.2768e-05	N/A	0.598588	0.617463	0.596171	0.624484	0.00604069	0.0741284	0.832893	0.654251	0.000253325	0.306425	0.35425	0.737374	0.758908	0.775373	0.670789	0.800423	0.656396	0.819654	0.631085	0.832951	0.0113313	0.830801	0.838424	0.378867	0.811655	0.350902	0.741117	0.840581	0.000407054	0.875866	0.309822	0.467538	0.0758445	1.55875e-07	0.380183	0.865415	0.588415	0.857918	0.544673	0.0570905
OG0000001	0.793788	0.671761	0.671761	0.5	0.5	0.5	0.5	0.5	0.5	0.5	0.5	0.5	0.5	0.5	0.5	0.5	0.5	0.5	0.5	0.5	0.5	0.00594279	0.78161	0.0905336	0.178605	0.92234	4.81965e-06	0.775744	0.0482062	0.140264	0.419011	0.00478635	0.73991	0.475475	0.0612809	6.71864e-05	0.00511669	0.115893	0.0232199	0.311928	0.609166	0.166194	N/A	0.527912	0.534186	0.69808	0.536617	0.315937	0.292828	0.5	0.5	0.563448	0.12601	0.5	0.5	0.5	0.5	0.5	0.5	0.5	0.5	0.5	0.5	1.31518e-13	0.0128389	0.102679	0.097439	0.865565	0.330207	0.320496	0.00301573	0.450263	0.0744259	0.876189	0.190324	0.717199	0.836636	0.0389905	0.808873	0.154166	0.815617	6.07511e-05	0.633523
OG0000002	0.408677	0.0914663	0.671761	0.5	0.5	0.5	0.5	0.5	0.5	0.5	0.5	0.33408	0.713756	0.5	0.5	0.5	0.5	0.5	0.5	0.5	0.5	0.256586	0.00125134	0.00725033	2.08895e-06	0.328726	0.00677057	0.709027	0.0197678	0.00152276	1.82587e-05	0.0526437	0.0133819	9.88604e-05	2.62307e-09	1.99219e-10	8.87776e-05	5.73474e-06	0.0428328	0.0645138	0.0243964	0.0110912	N/A	0.527912	0.534186	0.69808	0.536617	0.315937	0.292828	0.5	0.5	0.0326586	0.224901	0.318816	0.541461	0.548296	0.0807031	0.5	0.5	0.5	0.5	0.5	0.5	1.72101e-13	0.857772	0.412867	0.195125	0.58401	0.907242	0.800817	8.46587e-05	3.47609e-06	0.897952	0.713421	0.902252	0.0225838	0.890958	0.000125299	0.658745	0.0347	0.89503	0.0590499	0.82595
OG0000003	0.852436	0.186331	0.760877	0.5	0.5	0.152151	0.597914	0.55232	0.55232	2.48683e-06	0.0147994	0.911194	0.713165	0.505051	0.893774	0.00138741	0.102186	0.188469	0.195393	0.728506	0.0250771	0.466168	0.466168	0.233418	0.856659	0.540522	0.800491	0.63875	0.63875	0.140264	0.0201569	6.46597e-05	3.94839e-12	0.00758577	0.916481	0.00012615	5.5537e-10	0.0317645	0.18734	0.841381	0.0663618	7.68297e-10	N/A	0.553509	0.564906	0.78768	0.569262	0.0630755	0.793375	0.677798	0.553817	3.24303e-06	0.806552	0.132554	0.704476	0.725869	0.184809	0.656974	0.24454	0.100192	0.327467	0.631085	0.0037983	0.0941971	0.129627	0.777078	0.0222248	0.384866	0.224357	0.65403	0.760132	3.44936e-06	0.87194	0.876189	0.455131	0.186229	0.000693814	0.103531	0.852083	0.839832	0.853501	0.899805	0.444695
OG0000005	0.408677	0.671761	0.671761	0.5	0.5	0.5	0.5	0.5	0.5	0.565927	0.0977255	0.33408	0.305826	0.017585	0.672805	4.29453e-15	0.0041679	0.0745768	0.635712	0.5	0.5	0.197994	0.840963	0.133472	0.233418	0.400441	0.338038	0.211987	0.63875	9.64446e-05	0.00471485	0.561198	0.839418	0.236152	0.0319558	0.822255	0.000136963	0.889213	0.267281	0.0802679	0.650015	0.230787	N/A	0.527912	0.534186	0.69808	0.536617	0.315937	0.292828	0.5	0.5	0.563448	0.585336	0.723497	0.541461	0.548296	0.554323	0.525277	0.565314	0.0113508	0.634909	0.517907	0.125035	7.20094e-06	0.747289	0.757228	0.776154	0.724018	0.33756	0.694626	0.133757	0.256393	0.775204	0.782606	0.785227	0.0770812	0.211622	0.348531	0.0595606	0.736518	0.75596	0.334637	0.679633
OG0000011	0.408677	0.5	0.5	0.5	0.5	0.642395	0.55311	0.527265	0.527265	0.0538837	0.569429	0.00809584	0.000743143	0.104603	0.194492	3.28344e-05	0.710495	0.325239	0.490926	0.664034	0.664034	0.707611	0.707611	0.644987	0.211289	0.5	0.5	0.5	0.5	0.100713	0.777444	0.775814	0.434698	0.00607514	0.771175	0.00160155	0.00475337	0.869681	0.00369655	0.72105	0.000643167	0.00486818	N/A	0.527912	0.534186	0.284696	0.536617	0.315937	0.704089	0.604725	0.52808	0.00214239	0.131792	0.000111147	0.638006	0.656059	0.671034	0.590326	0.69622	0.581251	0.717993	0.566115	0.364695	0.725577	0.242507	0.624066	0.639113	0.151657	0.0151411	0.5	0.5	0.138722	0.702189	0.709772	0.712505	0.0444143	0.701742	0.773817	0.642634	0.115446	0.156395	0.821068	0.650112
OG0000012	3.14537e-08	0.5	0.5	0.5	0.5	0.5	0.5	0.5	0.5	0.5	0.5	0.33408	0.713756	0.5	0.5	0.5	0.5	0.5	0.5	0.5	0.5	0.874853	0.000667326	0.856659	0.233418	0.540522	0.00128915	0.13841	0.591671	0.840664	0.0258857	0.000553726	2.8581e-05	0.174026	2.37255e-09	9.87843e-08	0.065152	1.81922e-05	0.0761424	0.72105	0.593757	0.142224	N/A	0.527912	0.0509759	0.5	0.5	0.5	0.5	0.5	0.5	0.563448	0.585336	0.318816	0.541461	0.548296	0.0807031	0.5	0.5	0.5	0.5	0.5	0.5	7.20094e-06	0.747289	0.757228	0.0155524	0.724018	0.55644	0.65403	0.0382785	0.124116	0.791858	0.482907	0.801439	0.018438	0.79144	0.000516094	0.788365	0.216165	0.479584	0.037853	0.00791266
OG0000014	0.65021	0.810705	0.810705	0.617178	0.171862	0.642395	0.55311	0.527265	0.527265	0.697547	0.0158588	0.0160338	1.6992e-05	0.392819	0.242932	0.803761	0.145947	0.710495	0.137696	0.664034	0.00897902	0.302049	0.822356	0.509274	0.509274	0.771629	0.73542	0.591671	0.591671	0.591287	0.12935	0.0173846	0.823655	1.56998e-11	0.602554	1.04053e-05	9.36778e-05	0.896127	0.0633147	0.767807	0.673358	0.115022	N/A	0.577004	0.592551	0.833314	0.14868	0.476514	0.450217	0.604725	0.52808	0.0974684	0.735774	0.874352	0.083934	0.682654	0.698744	0.608898	0.350743	0.581251	0.717993	0.566115	0.364695	0.76333	0.694389	0.70409	0.15888	0.672508	0.465292	0.603063	0.69348	0.00823289	0.775204	0.238182	0.456742	0.0144953	0.104421	0.858746	0.740117	0.752019	0.771211	0.362183	0.132732
OG0000016	0.567026	0.186331	0.760877	0.617178	0.617178	0.147786	0.00446889	0.00551356	0.000141881	0.697547	0.697547	0.587216	0.844937	0.0256616	0.4938	0.715158	0.5	0.5	0.00041606	0.181138	0.620549	0.197243	0.404983	0.0156186	0.782916	0.771629	0.73542	0.591671	0.591671	0.687521	0.687521	0.368025	0.0636064	0.363553	0.771175	0.712674	0.330144	0.751869	0.711155	0.0477324	0.541178	0.541178	N/A	0.553509	0.564906	0.78768	0.569262	0.476514	0.107905	1.00977e-06	0.721075	0.0653704	0.698258	0.350852	0.609824	0.625331	0.638446	0.570288	0.661073	0.0948526	0.00469612	0.55091	0.301624	0.725577	0.659402	0.668302	0.686221	0.63975	0.756658	0.603063	0.69348	0.705781	0.666548	0.264603	0.67612	0.561834	0.0172606	0.773817	0.642634	0.181971	0.597259	0.664289	0.552032
OG0000022	0.793788	0.5	0.5	0.5	0.5	0.5	0.5	0.5	0.5	0.5	0.5	0.5	0.5	0.5	0.5	0.5	0.5	0.5	0.5	0.5	0.5	0.523041	0.00248096	0.509274	0.287367	0.423335	0.168346	0.564255	0.564255	0.310147	0.530475	0.165753	0.307398	0.0460098	0.0504535	0.00010182	0.000330578	0.00240693	0.0112125	0.130506	0.0617764	0.541178	N/A	0.527912	0.0509759	0.5	0.5	0.5	0.5	0.5	0.5	0.563448	0.12601	0.5	0.5	0.5	0.5	0.5	0.5	0.5	0.5	0.5	0.5	0.000619427	0.694389	0.70409	0.15888	0.672508	0.465292	0.603063	0.29591	0.0692018	0.755299	0.762942	0.765662	0.612448	0.725484	0.022372	0.713741	0.698973	0.718132	0.00148509	0.552032
OG0000023	0.205672	0.186331	0.760877	0.617178	0.617178	0.72721	0.597914	0.55232	0.55232	0.697547	0.697547	0.858904	0.335341	1.00675e-12	0.4938	0.715158	0.629004	0.629004	0.144538	0.0990228	0.566813	0.253161	0.472134	0.81693	0.509274	0.806829	0.77294	0.616405	0.0684002	0.269741	0.489358	0.803157	0.803157	0.12022	0.771175	0.684214	0.684214	0.854976	0.800142	0.651903	0.577341	0.577341	N/A	0.553509	0.564906	0.78768	0.569262	0.476514	0.793375	0.677798	0.553817	0.0653704	0.698258	0.350852	0.609824	0.625331	0.638446	0.570288	0.245105	0.54341	0.634909	0.534859	0.223361	0.158062	0.694389	0.70409	0.723225	0.672508	0.793095	0.630019	0.730823	0.181147	0.731315	0.739053	0.741824	0.596674	0.701742	0.773817	0.218073	0.676184	0.300708	0.752778	0.596089
OG0000024	0.155996	0.671761	0.671761	0.5	0.5	0.642395	0.55311	0.5	0.5	0.841247	0.111989	0.858904	0.193992	0.00509977	0.140406	0.0019094	0.5	0.5	0.423929	0.00358536	0.3074	0.185555	0.626788	0.211289	0.00190038	0.197802	0.60852	0.5	0.5	0.777444	0.224228	0.162377	0.61055	3.86121e-07	0.742097	0.228218	0.650194	0.375499	0.30781	0.274267	0.00724075	0.593757	N/A	0.527912	0.534186	0.69808	0.536617	0.315937	0.704089	0.604725	0.0419172	0.0326586	0.0887929	1.35354e-05	0.609824	0.625331	0.638446	0.570288	0.661073	0.562974	0.000649844	0.55091	0.130736	0.67395	0.175423	0.569001	0.578555	0.554935	0.623673	0.538573	0.122047	0.0204508	0.702189	0.709772	0.0014985	0.0444143	0.138878	0.0620611	0.182128	0.676184	0.694589	0.781476	0.61556
OG0000025	0.0448176	0.671761	0.248638	0.5	0.5	0.5	0.5	0.5	0.5	0.0680004	0.619116	0.141312	2.30134e-06	0.672805	0.250082	0.193921	0.739787	0.179046	0.198207	0.5	0.5	0.302049	0.822356	0.84009	0.558531	0.423335	0.363163	0.591671	0.591671	0.0515344	0.840664	0.00452912	0.839418	0.877002	0.0504535	0.00010182	0.0201748	0.880654	0.136397	0.231982	0.577341	0.116895	N/A	0.553509	0.0974005	0.69808	0.536617	0.315937	0.292828	0.5	0.5	0.615087	0.649491	0.810749	0.577839	0.589712	0.150107	0.525277	0.565314	0.522455	1.93259e-05	0.517907	0.125035	0.00209419	0.723277	0.733262	0.752593	0.700312	0.156835	0.603063	0.69348	0.0966184	0.775204	0.782606	0.785227	0.627229	0.745794	0.0776868	0.713741	0.71895	0.738413	0.0167396	0.596089
OG0000027	0.183635	0.760877	0.0337952	0.5	0.5	0.129783	0.719176	0.634146	0.634146	0.662286	0.662286	0.643994	0.507163	0.000104336	0.0152054	0.243367	0.834695	0.834695	0.249661	0.045634	0.0147707	0.626788	0.626788	0.730348	0.155119	0.771629	0.73542	0.591671	0.591671	0.0253743	0.489358	0.434698	0.775814	0.00733886	0.742097	0.0129807	0.00262929	0.180171	0.800142	0.651903	0.042876	0.116895	N/A	0.577004	0.592551	0.534666	0.598412	0.0266885	0.0409587	0.816495	0.637368	0.657346	0.131792	0.629858	0.638006	0.0225171	0.722409	0.626125	0.191657	0.629269	0.00281696	0.607136	0.805489	0.725577	0.659402	0.256369	0.209185	0.600989	0.756658	0.603063	0.69348	0.138722	0.702189	0.145234	0.712505	0.57983	0.673854	0.744821	0.619848	0.650109	0.667142	0.752778	0.596089
OG0000031	0.793788	0.0914663	0.671761	0.617178	0.617178	0.642395	0.55311	0.527265	0.527265	0.565927	0.565927	0.33408	0.713756	0.672805	0.672805	0.632684	0.572102	0.572102	0.635712	0.566813	0.566813	0.0173933	0.690393	7.43735e-24	6.65472e-08	0.57932	0.821222	0.244267	0.10148	0.687521	0.282808	0.527771	1.42456e-06	0.0180755	0.25433	0.00279929	7.26469e-05	0.834159	0.0636533	0.621732	0.541178	0.0617764	N/A	0.527912	0.534186	0.69808	0.536617	0.72133	0.704089	0.604725	0.52808	0.563448	0.585336	0.723497	0.541461	0.548296	0.554323	0.525277	0.565314	0.522455	0.575854	0.517907	0.584665	0.000619427	0.0383631	0.00123459	0.102201	0.252161	0.837915	0.675461	0.78342	0.743491	0.702189	0.0189356	0.0481269	0.57983	0.673854	0.0702512	0.663181	0.650109	0.667142	0.395163	0.113025
OG0000034	0.408677	0.5	0.5	0.5	0.5	0.642395	0.55311	0.527265	0.527265	0.619116	0.619116	0.820388	0.80222	0.672805	0.250082	0.0100008	0.572102	0.572102	0.635712	0.00238343	0.0990228	0.760748	0.197243	0.782916	0.0493372	0.423335	0.73542	0.564255	0.564255	0.825026	0.0377189	0.0108733	0.803157	2.08707e-07	0.793947	0.00279929	0.176725	0.854976	0.528743	0.0121136	0.593757	0.593757	N/A	0.527912	0.534186	0.284696	0.536617	0.315937	0.704089	0.604725	0.52808	0.0326586	0.649491	0.810749	0.577839	0.589712	0.150107	0.525277	0.565314	0.522455	0.575854	0.517907	0.584665	0.106943	0.659402	0.668302	0.686221	0.63975	0.756658	0.603063	0.29591	0.043131	0.731315	0.1782	0.741824	0.596674	0.0427094	0.511195	0.663181	0.676184	0.694589	0.781476	0.61556
OG0000035	0.408677	0.671761	0.671761	0.5	0.5	0.207641	0.0544634	0.55232	0.55232	0.0680004	0.619116	0.141312	0.844937	0.104603	0.841738	0.803761	0.739787	0.739787	0.0189819	0.566813	0.566813	0.707611	0.134458	0.155119	0.730348	0.718607	0.683105	0.533824	0.533824	0.269741	0.804663	0.00584748	0.221962	0.12022	0.771175	0.00160155	0.149705	0.542802	0.800142	0.621732	0.559842	0.559842	N/A	0.527912	0.534186	0.69808	0.536617	0.315937	0.704089	0.0547542	0.553817	0.0326586	0.649491	0.810749	0.577839	0.0494183	0.638446	0.038345	0.661073	0.0340263	0.153473	0.0766128	0.223361	0.67395	0.61676	0.624066	0.639113	0.600989	0.703554	0.572742	0.218618	0.0204508	0.702189	0.145234	0.712505	0.57983	0.112434	0.773817	0.642634	0.650109	0.667142	0.395163	0.574967
OG0000036	0.852436	0.397177	0.760877	0.5	0.5	0.72721	0.597914	0.55232	0.55232	0.726541	0.726541	0.0292683	6.88051e-09	4.77273e-10	0.00113615	0.0534777	0.064963	0.13062	5.91803e-12	0.000336635	0.752508	0.626788	0.626788	0.644987	0.644987	0.635425	0.60852	0.533824	0.533824	0.804663	0.489358	0.823655	0.823655	0.0890812	0.704415	0.650194	0.00707322	0.0204152	0.258385	0.231982	0.042876	0.577341	N/A	0.553509	0.564906	0.78768	0.569262	0.0630755	0.793375	0.677798	0.553817	0.0653704	0.0392352	0.889004	0.662895	0.00259735	0.760214	0.656974	0.786117	0.643273	0.806364	0.619423	0.161858	0.725577	0.00830311	0.569001	0.578555	0.554935	0.623673	0.538573	0.582607	0.138722	0.137895	0.739053	0.181411	0.57983	0.673854	0.381775	0.594537	0.650109	0.667142	0.752778	0.596089
OG0000038	0.793788	0.248638	0.671761	0.5	0.5	0.5	0.5	0.5	0.5	0.0339691	0.565927	0.33408	0.305826	0.250082	0.250082	0.632684	0.5	0.5	0.198207	0.5	0.5	0.760748	0.0106575	0.0156186	0.0493372	0.718607	0.11411	0.5	0.5	0.0881186	0.0179157	0.527771	0.0866159	0.445284	0.812052	0.028294	0.736616	0.457219	0.387507	0.72105	0.0744504	0.00486818	N/A	0.527912	0.534186	0.69808	0.536617	0.315937	0.292828	0.5	0.5	0.563448	0.585336	0.723497	0.541461	0.548296	0.554323	0.525277	0.565314	0.522455	0.112221	0.517907	0.125035	0.00574501	0.659402	0.668302	0.686221	0.63975	0.39815	0.572742	0.00574509	0.00393909	0.755299	0.762942	0.765662	0.0662911	0.745794	0.814383	0.281115	0.71895	0.738413	0.821068	0.650112
OG0000043	0.408677	0.671761	0.0914663	0.5	0.5	0.5	0.5	0.5	0.5	0.0399477	0.304333	0.141312	0.0578902	0.0768722	0.0343022	0.325342	0.674244	0.111012	0.0189819	0.664034	0.102731	0.626788	0.0667619	0.644987	0.644987	0.635425	0.159465	0.533824	0.533824	0.00199548	0.00471485	0.0339643	0.00120498	0.0424939	0.108379	0.000712919	0.0103049	0.653844	0.857364	0.701025	0.0640154	0.609166	N/A	0.527912	0.534186	0.69808	0.536617	0.315937	0.292828	0.5	0.5	0.0326586	0.649491	0.0642832	0.577839	0.589712	0.59996	0.548654	0.618124	0.54341	0.0785898	0.534859	0.0880674	0.67395	0.175423	0.569001	0.578555	0.554935	0.623673	0.538573	0.582607	1.87093e-05	0.775204	0.782606	0.242149	0.627229	1.92285e-05	0.435255	0.771568	0.71895	0.738413	0.524203	0.633523
OG0000045	0.155996	0.671761	0.248638	0.5	0.5	0.0753129	0.5	0.5	0.5	0.101344	0.246994	0.820388	0.465114	0.000115121	0.398974	0.000373232	0.0285089	0.674244	0.0189819	0.566813	0.566813	0.626788	0.626788	0.730348	0.730348	0.635425	0.60852	0.533824	0.533824	0.687521	0.687521	0.280348	0.685914	0.0890812	0.377219	0.283	0.0335692	0.00101576	0.410923	0.184346	0.00264462	0.559842	N/A	0.527912	0.534186	0.69808	0.536617	0.315937	0.704089	0.154015	0.5	0.0326586	0.649491	0.250251	0.577839	0.589712	0.59996	0.548654	0.618124	0.0227025	0.681271	0.534859	0.223361	0.67395	0.61676	0.624066	0.209185	0.600989	0.307423	0.538573	0.582607	0.0935601	0.253634	0.628442	0.630574	0.561834	0.0850636	0.744821	0.619848	0.620184	0.635015	0.714963	0.574967
OG0000046	0.408677	0.5	0.5	0.5	0.5	0.642395	0.597914	0.575364	0.575364	0.5	0.5	0.33408	0.713756	0.672805	0.092041	8.51346e-08	0.572102	0.572102	0.635712	0.0344384	0.0990228	0.185555	0.0667619	0.644987	0.644987	0.5	0.5	0.5	0.5	0.370799	0.740095	0.0024546	0.0636064	0.236152	0.154147	2.11461e-09	3.9495e-07	0.0345736	0.843561	0.16026	0.000187725	0.623636	N/A	0.527912	0.534186	0.284696	0.536617	0.315937	0.704089	0.0547542	0.0284646	0.563448	0.585336	0.318816	0.541461	0.548296	0.554323	0.525277	0.565314	0.522455	0.575854	0.517907	0.584665	0.602007	0.564475	0.569001	0.578555	0.554935	0.181125	0.5	0.5	0.00439506	0.666548	0.67357	0.67612	0.00283398	0.000305631	0.0524452	0.751563	0.676184	0.132066	0.270405	0.650112
OG0000047	0.408677	0.0914663	0.248638	0.5	0.5	0.5	0.5	0.5	0.5	0.246994	0.101344	0.643994	0.00463993	0.00892741	0.0404072	0.314343	3.35713e-05	0.00491884	0.541081	0.35628	0.166372	0.404983	0.760748	0.782916	0.782916	0.771629	0.73542	0.591671	0.591671	0.777444	0.437545	0.046339	0.221962	0.531956	0.0139391	0.330144	0.149705	0.834159	0.258385	0.021132	0.577341	0.577341	N/A	0.527912	0.534186	0.69808	0.536617	0.315937	0.292828	0.5	0.5	0.00214239	0.131792	0.629858	0.638006	0.0978242	0.698744	0.608898	0.725171	0.598335	0.187964	0.580524	0.76382	0.725577	0.659402	0.668302	0.686221	0.63975	0.756658	0.603063	0.69348	0.138722	0.702189	0.709772	0.712505	0.57983	0.673854	0.182688	0.642634	0.650109	0.667142	0.752778	0.596089
OG0000048	0.408677	0.671761	0.671761	0.617178	0.617178	0.72721	0.597914	0.55232	0.55232	0.565927	0.565927	0.820388	4.1661e-08	0.00991147	0.398974	0.715158	0.193903	0.0745768	0.331243	0.728506	0.166372	0.134458	0.707611	0.730348	0.348959	0.5	0.5	0.5	0.5	0.0253743	0.000624684	0.0108733	0.0668108	0.850276	0.812052	0.00438587	1.68166e-07	0.854976	0.843561	0.0547507	0.0744504	0.00486818	N/A	0.527912	0.534186	0.69808	0.536617	0.72133	0.109211	0.677798	0.553817	0.0326586	0.649491	0.479732	0.577839	0.589712	0.59996	0.548654	0.618124	0.54341	0.634909	0.534859	0.00120255	0.67395	0.61676	0.624066	0.639113	0.600989	0.0151411	0.5	0.5	0.00143034	0.731315	0.739053	0.741824	0.596674	0.701742	0.0979783	0.681738	0.676184	0.132066	0.270405	0.650112
OG0000049	0.852436	0.00225824	0.397177	0.617178	0.617178	0.72721	0.597914	0.55232	0.55232	0.619116	0.619116	0.496611	0.80222	0.18757	0.398974	0.715158	0.629004	0.629004	4.62849e-10	0.181138	0.620549	0.840963	0.840963	0.84009	0.84009	0.848834	0.302593	0.244267	0.658967	0.777444	0.00605102	0.775814	0.221962	0.371655	0.654889	0.164192	0.609311	0.32136	0.00108049	0.621732	0.541178	0.541178	N/A	0.553509	0.564906	0.78768	0.569262	0.476514	0.793375	0.677798	0.553817	0.615087	0.649491	0.810749	0.577839	0.589712	0.59996	0.548654	0.618124	0.54341	0.634909	0.534859	0.648474	0.0264753	0.13059	0.733262	0.194345	0.700312	0.295475	0.675461	0.78342	0.743491	0.702189	0.709772	0.712505	0.57983	0.0110443	0.657252	0.566378	0.650109	0.667142	0.395163	0.113025
OG0000050	0.793788	0.5	0.5	0.5	0.5	0.437532	0.133018	0.616122	0.616122	0.619116	0.178976	0.496611	0.000341524	0.811684	0.140406	0.768247	0.799605	0.26631	0.0427159	0.664034	0.102731	0.707611	0.134458	0.730348	0.730348	0.635425	0.60852	0.5	0.5	0.740095	0.370799	0.368025	0.738399	0.12022	0.218536	0.00160155	0.0488801	0.128802	0.764287	0.621732	0.521262	0.521262	N/A	0.527912	0.534186	0.284696	0.536617	0.315937	0.0251951	0.0575438	0.619036	0.0326586	0.649491	0.810749	0.577839	0.0494183	0.638446	0.570288	0.661073	0.562974	2.44738e-05	0.55091	0.697091	0.67395	0.61676	0.624066	0.639113	0.600989	0.307423	0.538573	0.122047	0.0935601	0.666548	0.67357	0.67612	0.561834	0.0172606	0.773817	0.642634	0.620184	0.635015	0.714963	0.00127596
OG0000051	0.793788	0.5	0.5	0.5	0.5	0.5	0.5	0.5	0.5	0.0109953	0.619116	0.820388	0.713756	0.672805	0.672805	0.632684	0.572102	0.572102	0.635712	0.566813	0.566813	0.313678	0.134458	0.00592688	0.348959	0.330688	0.276052	0.564255	0.00287843	0.0267607	0.871079	0.00584748	0.775814	0.000159296	0.0504535	6.30558e-08	8.00292e-06	0.0150754	0.825271	0.00152667	0.0214838	0.541178	N/A	0.527912	0.0509759	0.5	0.5	0.5	0.5	0.5	0.5	0.0326586	0.649491	0.810749	0.577839	0.134684	0.554323	0.525277	0.565314	0.522455	0.575854	0.517907	0.584665	0.67395	0.61676	0.624066	0.639113	0.600989	0.703554	0.572742	0.645344	0.00143034	0.731315	0.00022171	0.378577	0.596674	0.701742	0.00188253	0.713741	0.676184	0.694589	0.00689309	0.552032
OG0000052	0.00318465	0.671761	0.671761	0.5	0.5	0.642395	0.55311	0.00186807	0.55232	0.824276	0.0891623	0.369275	0.844937	0.00131906	0.4938	0.5	0.5	0.5	0.5	0.5	0.5	0.404983	0.197243	0.782916	0.226084	0.718607	0.683105	0.564255	0.564255	0.224228	0.00605102	0.803157	0.0668108	0.531956	0.742097	0.000775141	0.00262929	0.041881	0.258385	0.651903	0.042876	0.577341	N/A	0.553509	0.0974005	0.69808	0.536617	0.315937	0.704089	0.604725	0.0142313	0.0653704	0.698258	0.000145176	0.609824	0.625331	0.638446	0.570288	0.000383072	0.5	0.5	0.5	0.5	0.725577	0.659402	0.668302	0.686221	0.63975	0.39815	0.572742	0.645344	0.138722	0.702189	0.709772	0.14794	0.57983	0.673854	0.744821	0.619848	0.650109	0.667142	0.752778	0.596089
OG0000057	0.793788	0.5	0.5	0.5	0.5	0.5	0.5	0.5	0.5	0.0399477	0.697547	0.496611	0.0054077	0.398974	0.762	0.141107	0.629004	0.629004	0.331243	0.620549	0.00348702	0.5	0.5	0.0767361	0.644987	0.635425	0.5	0.5	0.5	0.687521	0.0118361	0.0115391	7.33195e-06	0.74481	0.0200808	0.164192	0.609311	0.751869	0.319149	0.586933	0.0617764	0.541178	N/A	0.527912	0.0509759	0.5	0.5	0.5	0.5	0.5	0.5	0.563448	0.0443066	0.0642832	0.577839	0.589712	0.59996	0.548654	0.618124	0.54341	0.634909	0.534859	0.648474	0.602007	0.564475	0.569001	0.116155	0.554935	0.623673	0.0574727	0.5	0.0466695	0.622618	0.628442	0.630574	0.542597	0.601933	0.657252	0.566378	0.585743	0.597259	0.664289	0.552032
OG0000059	0.793788	0.671761	0.671761	0.5	0.5	0.5	0.5	0.5	0.5	0.0109953	0.619116	0.735057	0.305826	0.017585	0.250082	0.193921	0.10675	0.572102	0.635712	0.620549	0.0689425	0.760748	0.0817734	0.226084	0.0493372	0.635425	0.60852	0.533824	0.0504397	0.687521	0.0118361	0.368025	2.38495e-05	0.616325	0.154147	0.165752	0.000989272	0.854976	0.167175	0.701025	1.42794e-05	0.000111884	N/A	0.527912	0.534186	0.69808	0.536617	0.315937	0.292828	0.5	0.5	0.563448	0.585336	0.119754	0.541461	0.548296	0.554323	0.525277	0.565314	0.522455	0.575854	0.517907	0.0439468	0.0532833	0.61676	0.0712703	0.686221	0.63975	0.307423	0.538573	0.582607	0.0935601	0.666548	0.264603	0.67612	0.00283398	0.138878	0.000113194	0.751563	0.676184	0.694589	0.233125	0.633523
OG0000062	0.408677	0.00973782	0.760877	0.5	0.5	0.5	0.5	0.5	0.5	0.565927	0.0977255	0.735057	0.5	0.5	0.5	0.5	0.5	0.5	0.5	0.5	0.5	0.313678	0.134458	0.0538531	0.730348	0.330688	4.90116e-05	0.5	0.5	0.777444	0.777444	0.434698	0.0989482	1.74507e-05	0.287018	0.028294	0.736616	0.590046	0.000122069	0.311928	0.0102193	0.609166	N/A	0.527912	0.534186	0.105925	0.536617	0.315937	0.292828	0.5	0.5	0.563448	0.585336	0.723497	0.541461	0.071831	0.5	0.5	0.5	0.5	0.5	0.5	0.5	0.0532833	0.61676	0.624066	0.639113	0.600989	0.703554	0.572742	0.00574509	0.0204508	0.702189	0.709772	0.712505	0.0444143	0.0427094	0.814383	0.281115	0.676184	0.132066	0.803641	0.633523
OG0000071	0.408677	0.0914663	0.671761	0.5	0.5	0.642395	0.55311	0.527265	0.527265	0.5	0.5	0.735057	0.844937	0.00131906	0.4938	0.000373232	0.265656	0.111012	0.0427159	0.102731	0.249715	0.760748	0.197243	0.730348	0.730348	0.635425	0.60852	0.533824	0.533824	0.269741	0.135856	0.133815	0.267182	0.0835221	0.793947	0.00279929	7.26469e-05	0.625793	0.843561	0.0802679	0.0949889	0.230787	N/A	0.527912	0.534186	0.69808	0.536617	0.315937	0.704089	0.604725	0.52808	0.563448	0.585336	0.318816	0.541461	0.00122322	0.638446	0.570288	0.661073	0.562974	0.681271	0.55091	0.697091	0.0532833	0.61676	0.624066	0.0814873	0.600989	0.307423	0.538573	0.582607	0.00143034	0.731315	0.739053	0.741824	0.055397	0.725484	0.796444	0.663181	0.698973	0.718132	0.0254743	0.679633
OG0000073	0.408677	0.5	0.5	0.5	0.5	0.0116207	0.55311	0.527265	0.0407058	0.0109953	0.178976	0.735057	0.713756	0.5	0.5	0.5	0.5	0.5	0.5	0.5	0.5	0.404983	0.197243	0.782916	0.0156186	0.423335	0.168346	0.0964227	0.564255	0.0278782	0.740095	0.434698	3.61605e-08	0.796359	0.218536	0.330144	0.00475337	0.382823	0.711155	0.586933	0.541178	0.0617764	N/A	0.527912	0.534186	0.284696	0.536617	0.315937	0.704089	0.604725	0.52808	0.563448	0.585336	0.119754	0.541461	0.548296	0.0807031	0.5	0.5	0.5	0.5	0.5	0.5	0.00574501	0.659402	0.668302	0.686221	0.63975	0.756658	0.603063	0.29591	0.705781	0.666548	0.67357	0.112567	0.561834	0.640943	0.0438357	0.642634	0.181971	0.597259	0.664289	0.552032
OG0000088	0.408677	0.671761	0.671761	0.5	0.5	0.642395	0.55311	0.527265	0.527265	0.662286	0.662286	0.000653871	0.0109926	0.398974	0.762	0.141107	0.629004	0.0131647	0.0189819	0.566813	0.0990228	0.626788	0.185555	0.5	0.5	0.635425	0.60852	0.533824	0.533824	0.224228	0.0473419	0.000195402	0.0989482	0.00131266	0.826667	0.000655661	0.774114	0.268474	0.350548	0.13908	0.609166	0.166194	N/A	0.527912	0.534186	0.69808	0.536617	0.315937	0.704089	0.604725	0.52808	0.0326586	0.0887929	0.851565	0.609824	0.625331	0.210058	0.548654	0.618124	0.54341	0.634909	0.534859	0.223361	0.67395	0.175423	0.569001	0.578555	0.0816031	0.623673	0.538573	0.582607	0.0204508	0.702189	0.709772	0.712505	0.00502947	0.0573985	0.828833	0.698527	0.698973	0.718132	0.803641	0.633523
OG0000096	0.408677	0.0914663	0.248638	0.5	0.5	0.437532	0.0677673	0.231607	0.650783	0.565927	0.0977255	0.820388	0.00154598	0.0343022	0.762	0.0121346	0.000183864	0.0106167	0.423929	0.664034	0.249715	0.5	0.5	0.5	0.5	0.5	0.5	0.5	0.5	0.611719	0.611719	0.280348	5.3845e-05	0.245617	0.704415	0.00707322	0.091975	0.477571	0.201601	0.00410135	0.0322024	0.559842	N/A	0.527912	0.534186	0.69808	0.536617	0.315937	0.0251951	0.000777263	0.654251	0.563448	0.0443066	0.479732	0.577839	0.589712	0.59996	0.548654	0.0673499	0.562974	0.681271	0.55091	0.697091	0.602007	0.0956	0.5	0.5	0.5	0.5	0.5	0.5	0.0466695	0.622618	0.193054	0.630574	0.0222579	0.640943	0.707087	0.594537	0.620184	0.635015	0.714963	0.574967
OG0000097	0.408677	0.671761	0.248638	0.5	0.5	0.5	0.5	0.5	0.5	0.565927	0.0339691	0.33408	0.237772	0.762	0.398974	0.803761	0.739787	0.179046	0.718965	0.181138	0.0689425	0.5	0.5	0.211289	0.644987	0.635425	0.60852	0.5	0.5	0.173402	0.370799	0.0024546	0.171554	0.86558	0.000420461	0.437585	0.774114	0.041881	0.800142	0.651903	0.577341	0.116895	N/A	0.527912	0.534186	0.69808	0.536617	0.315937	0.292828	0.5	0.5	0.563448	0.585336	0.723497	0.541461	0.0247004	0.59996	0.548654	0.618124	0.00126607	0.153473	0.534859	0.648474	0.602007	0.564475	0.569001	0.116155	0.554935	0.623673	0.538573	0.122047	0.00439506	0.666548	0.67357	0.67612	0.033361	0.0291446	0.12574	0.698527	0.650109	0.667142	0.752778	0.596089
OG0000100	0.793788	0.5	0.5	0.617178	0.617178	0.5	0.5	0.5	0.5	0.5	0.5	0.33408	0.305826	0.672805	0.250082	0.632684	0.00278982	0.10675	0.635712	0.0990228	0.566813	0.796886	0.253161	0.226084	0.442678	0.771629	0.061465	0.564255	0.564255	0.269741	0.489358	0.486556	0.0668108	0.616325	0.53642	0.46498	1.63924e-07	0.226889	0.0370015	0.67814	0.0534858	5.90759e-05	N/A	0.527912	0.534186	0.284696	0.536617	0.72133	0.292828	0.5	0.5	0.563448	0.585336	0.318816	0.541461	0.548296	0.554323	0.525277	0.565314	0.522455	0.575854	0.517907	0.584665	0.00574501	0.659402	0.668302	0.121134	0.63975	0.756658	0.603063	0.29591	0.043131	0.731315	0.739053	0.741824	0.596674	0.138878	0.12574	0.137707	0.676184	0.694589	0.781476	0.61556
OG0000105	0.408677	0.671761	0.0914663	0.5	0.5	0.5	0.5	0.5	0.5	0.5	0.5	0.5	0.5	0.5	0.5	0.5	0.5	0.5	0.5	0.5	0.5	0.5	0.5	0.211289	0.0767361	0.00152591	0.60852	0.5	0.5	0.100713	0.437545	0.775814	0.775814	0.12022	0.771175	0.000101111	4.71682e-06	0.542802	8.80563e-08	0.621732	0.0322024	0.0901128	N/A	0.527912	0.534186	0.69808	0.536617	0.315937	0.292828	0.5	0.5	0.563448	0.12601	0.5	0.5	0.5	0.5	0.5	0.5	0.5	0.5	0.5	0.5	0.602007	0.564475	0.569001	0.116155	0.554935	0.623673	0.538573	0.122047	0.000413901	0.702189	0.709772	0.712505	0.57983	0.112434	0.773817	0.642634	0.650109	0.106809	0.050635	0.574967
OG0000106	0.793788	0.0914663	0.671761	0.5	0.5	0.5	0.5	0.5	0.5	0.565927	0.565927	0.5	0.5	0.5	0.5	0.5	0.5	0.5	0.5	0.5	0.5	0.707611	0.707611	0.730348	0.348959	0.635425	0.60852	0.533824	0.533824	0.0648529	0.740095	0.685914	0.280348	0.371655	0.233089	0.00270797	0.009077	0.191538	0.625364	0.809076	3.40564e-05	0.347608	N/A	0.527912	0.534186	0.69808	0.536617	0.315937	0.292828	0.5	0.5	0.563448	0.585336	0.723497	0.0617436	0.5	0.5	0.5	0.5	0.5	0.5	0.5	0.5	0.0532833	0.61676	0.624066	0.639113	0.600989	0.307423	0.538573	0.582607	0.0935601	0.666548	0.67357	0.268594	0.561834	0.213912	0.657252	0.566378	3.16201e-05	0.179724	0.000589436	0.0663091
OG0000115	0.793788	0.0173572	0.671761	0.5	0.5	0.5	0.5	0.5	0.5	0.662286	0.101344	0.223094	0.884505	0.0181428	0.861441	0.314343	0.179046	0.375147	0.831493	0.35628	0.00642011	0.313678	0.707611	0.348959	0.730348	0.635425	0.60852	0.0504397	0.533824	0.173402	0.740095	0.368025	0.738399	0.850276	0.0399009	2.35607e-05	0.0153646	0.802737	0.764287	0.586933	0.541178	0.0214838	N/A	0.527912	0.534186	0.69808	0.536617	0.315937	0.292828	0.5	0.5	0.0326586	0.0887929	0.851565	0.609824	0.0131931	0.698744	0.608898	0.725171	0.598335	0.747356	0.580524	0.76382	0.67395	0.61676	0.624066	0.639113	0.600989	0.307423	0.538573	0.582607	0.0935601	0.666548	0.67357	0.67612	0.561834	0.0172606	0.014612	0.698527	0.620184	0.635015	0.330103	0.552032
OG0000125	0.408677	0.186331	0.760877	0.5	0.5	0.642395	0.5	0.5	0.5	0.0977255	0.565927	0.735057	0.0067804	0.672805	0.672805	0.000204201	0.5	0.5	0.198207	0.5	0.5	0.313678	0.000107991	0.348959	0.730348	0.0188844	0.683105	0.564255	0.564255	0.282808	0.117647	0.5	0.5	0.00515097	0.25433	4.17126e-08	0.176725	0.25553	0.410923	0.0713601	0.559842	0.559842	N/A	0.527912	0.534186	0.105925	0.536617	0.315937	0.704089	0.154015	0.5	0.563448	0.585336	0.723497	0.541461	0.548296	0.554323	0.525277	0.565314	0.522455	0.112221	0.517907	0.125035	0.0532833	0.61676	0.624066	0.639113	0.600989	0.703554	0.572742	0.645344	0.0935601	0.253634	0.628442	0.00430394	0.561834	0.000967597	0.796444	0.663181	0.620184	0.635015	0.714963	0.574967
OG0000129	0.793788	0.5	0.5	0.617178	0.617178	0.5	0.5	0.5	0.5	0.869221	0.0261218	0.587216	0.844937	0.270234	0.140406	0.768247	0.265656	0.674244	0.771978	0.620549	0.181138	0.760748	0.760748	0.782916	0.442678	0.635425	0.60852	0.0171877	0.533824	0.282808	0.687521	0.685914	0.031137	0.0272342	0.704415	0.650194	0.091975	0.751869	0.711155	1.20707e-05	0.541178	0.541178	N/A	0.527912	0.534186	0.284696	0.536617	0.72133	0.292828	0.5	0.5	0.0326586	0.0887929	2.94361e-08	0.609824	0.625331	0.638446	0.570288	0.661073	0.562974	0.681271	0.55091	0.301624	0.67395	0.61676	0.0712703	0.686221	0.63975	0.307423	0.538573	0.582607	0.656096	0.622618	0.628442	0.630574	0.542597	0.601933	0.0944044	0.594537	0.585743	0.597259	0.664289	0.552032
OG0000136	0.408677	0.671761	0.671761	0.5	0.5	0.72721	0.597914	0.55232	0.55232	0.565927	0.565927	0.735057	0.305826	0.762	0.0768722	0.000204201	0.5	0.5	0.198207	0.566813	0.0990228	0.626788	0.0667619	0.644987	0.644987	0.635425	0.60852	0.533824	0.533824	0.740095	0.740095	0.280348	0.685914	0.0119141	0.0911554	0.000655661	0.226694	0.854976	0.56816	0.200243	0.650015	0.230787	N/A	0.527912	0.534186	0.69808	0.536617	0.315937	0.109211	0.677798	0.553817	0.563448	0.585336	0.723497	0.541461	0.548296	0.554323	0.012794	0.565314	0.522455	0.112221	0.517907	0.584665	0.602007	0.564475	0.569001	0.578555	0.554935	0.623673	0.538573	0.582607	0.000413901	0.311806	0.67357	0.268594	0.0444143	0.00383732	0.828833	0.698527	0.676184	0.132066	0.0254743	0.679633
OG0000152	0.408677	0.0759314	0.760877	0.5	0.5	0.207641	0.55311	0.527265	0.527265	0.619116	0.0680004	0.33408	0.713756	0.18757	0.762	0.715158	0.572102	0.10675	0.331243	0.0689425	0.620549	0.0667619	0.626788	0.644987	0.644987	0.635425	0.60852	0.564255	0.564255	0.611719	0.611719	0.0115391	0.000385384	0.0309794	0.00119197	0.000655661	0.226694	0.751869	0.319149	0.0945474	0.577341	0.00148279	N/A	0.527912	0.534186	0.105925	0.536617	0.315937	0.704089	0.604725	0.52808	0.563448	0.585336	0.119754	0.541461	0.548296	0.0278548	0.548654	0.618124	0.54341	0.202827	0.534859	0.648474	0.602007	0.564475	0.569001	0.578555	0.554935	0.623673	0.538573	0.0428451	0.0466695	0.622618	0.193054	0.630574	0.542597	1.65057e-06	0.291336	0.698527	0.585743	0.597259	0.0230842	0.596089
OG0000189	0.793788	0.5	0.5	0.5	0.5	0.5	0.5	0.5	0.5	4.82763e-05	0.00337997	0.496611	0.465114	0.762	0.18757	0.715158	0.111012	0.674244	0.331243	0.620549	0.620549	0.404983	0.760748	0.782916	0.782916	0.718607	0.683105	0.533824	0.533824	0.777444	0.777444	0.00584748	0.221962	3.86121e-07	0.122429	0.330144	0.712674	0.542802	0.800142	0.117154	0.593757	0.593757	N/A	0.527912	0.0509759	0.5	0.5	0.5	0.5	0.5	0.5	0.0326586	0.649491	0.810749	0.577839	0.589712	0.59996	0.548654	0.618124	0.54341	0.0785898	0.534859	0.648474	0.106943	0.659402	0.668302	0.686221	0.63975	0.39815	0.572742	0.218618	0.138722	0.702189	0.709772	0.712505	0.57983	0.0291446	0.796444	0.250964	0.650109	0.667142	0.192138	0.61556
OG0000190	0.793788	0.671761	0.671761	0.5	0.5	0.5	0.5	0.5	0.5	0.876933	0.00846817	0.0325917	2.86147e-10	0.070418	0.0115763	0.768247	0.0285089	0.0106167	0.718965	0.0990228	0.566813	0.5	0.5	0.5	0.5	0.5	0.5	0.5	0.5	0.687521	0.0118361	0.738399	0.171554	0.228544	0.58893	0.088939	0.55993	0.237245	0.629539	0.546683	0.541178	0.541178	N/A	0.527912	0.534186	0.69808	0.536617	0.315937	0.292828	0.5	0.5	0.563448	0.00395774	2.40354e-09	0.609824	0.625331	0.638446	0.570288	0.661073	0.562974	0.681271	0.0766128	0.223361	0.602007	0.0956	0.5	0.5	0.5	0.5	0.5	0.5	0.58974	0.0351192	0.628442	0.0756372	0.52202	0.555497	0.590518	0.535005	0.545994	0.552723	0.595301	0.0137325
OG0000191	0.0199705	0.5	0.5	0.5	0.5	0.5	0.5	0.5	0.5	0.0109953	0.178976	0.5	0.5	0.5	0.5	0.5	0.5	0.5	0.5	0.5	0.5	0.707611	0.707611	0.730348	0.348959	0.423335	0.73542	0.13841	0.00659002	0.117647	0.282808	0.280348	0.031137	0.796359	0.742097	0.283	0.000203606	0.382823	0.319149	0.651903	0.00469869	0.00148279	N/A	0.527912	0.0509759	0.5	0.5	0.5	0.5	0.5	0.5	0.563448	0.585336	0.119754	0.0617436	0.5	0.5	0.5	0.5	0.5	0.5	0.5	0.5	0.0532833	0.61676	0.624066	0.639113	0.600989	0.130963	0.603063	0.69348	0.656096	0.622618	0.628442	0.630574	0.542597	0.0569734	0.139947	0.619848	0.585743	0.597259	0.0230842	0.596089
OG0000194	0.408677	0.248638	0.671761	0.5	0.5	0.5	0.5	0.5	0.5	0.0680004	0.178976	0.33408	0.0067804	0.250082	0.250082	0.00142905	0.5	0.5	0.198207	0.5	0.5	0.626788	0.626788	0.0767361	0.644987	0.197802	0.159465	0.533824	0.0504397	0.224228	0.00020579	0.434698	0.000529055	0.000400835	0.793947	0.000211911	0.00073663	0.542802	0.128464	0.0313663	0.593757	0.142224	N/A	0.527912	0.534186	0.69808	0.536617	0.315937	0.292828	0.5	0.5	0.563448	0.585336	0.119754	0.541461	0.548296	0.554323	0.525277	0.565314	0.522455	0.112221	0.517907	0.125035	0.602007	0.564475	0.569001	0.578555	0.554935	0.623673	0.538573	0.582607	0.000413901	0.702189	0.709772	0.712505	0.57983	0.0291446	0.796444	0.663181	0.650109	0.667142	0.192138	0.61556
OG0000200	0.408677	0.760877	0.760877	0.5	0.5	0.5	0.5	0.5	0.5	0.565927	0.565927	0.33408	0.305826	0.250082	0.092041	0.5	0.5	0.5	0.5	0.5	0.5	0.197243	0.760748	0.348959	0.348959	0.718607	0.683105	0.533824	0.533824	0.282808	0.687521	0.280348	0.685914	5.08293e-11	0.471423	0.000211911	0.00760195	0.128038	0.00676818	0.651903	0.042876	0.116895	N/A	0.527912	0.534186	0.105925	0.536617	0.315937	0.292828	0.5	0.5	0.563448	0.585336	0.723497	0.541461	0.548296	0.554323	0.525277	0.0968289	0.5	0.5	0.5	0.5	0.0532833	0.61676	0.624066	0.0814873	0.600989	0.703554	0.572742	0.218618	0.0935601	0.253634	0.628442	0.630574	0.00283398	0.138878	0.796444	0.663181	0.676184	0.694589	0.447161	0.596089
OG0000215	0.408677	0.0914663	0.248638	0.5	0.5	0.0753129	0.5	0.5	0.5	0.0339691	0.0977255	0.735057	0.713756	0.672805	0.672805	0.632684	0.0372435	0.572102	0.635712	0.000164953	0.0990228	0.626788	0.185555	0.730348	0.730348	0.635425	0.60852	0.0504397	0.533824	0.740095	0.0648529	0.61055	0.61055	0.0890812	0.742097	0.0129807	0.0335692	0.802737	0.0850274	0.586933	0.0214838	0.541178	N/A	0.527912	0.534186	0.69808	0.536617	0.315937	0.704089	0.154015	0.5	0.563448	0.585336	0.723497	0.541461	0.548296	0.554323	0.525277	0.565314	0.522455	0.575854	0.517907	0.584665	0.602007	0.564475	0.569001	0.578555	0.028176	0.623673	0.538573	0.582607	0.00439506	0.666548	0.67357	0.0109411	0.561834	0.0850636	0.744821	0.619848	0.620184	0.635015	0.330103	0.552032
OG0000230	0.408677	0.671761	0.671761	0.5	0.5	0.642395	0.55311	0.527265	0.527265	0.000129707	0.246994	0.33408	0.305826	0.672805	0.672805	0.632684	0.674244	0.674244	0.0716465	0.566813	0.566813	0.185555	0.0667619	0.644987	0.644987	0.5	0.5	0.5	0.5	0.611719	0.611719	0.685914	0.00265912	0.0132129	0.0952079	0.0201381	0.712674	0.128802	0.0850274	0.621732	0.559842	0.000763506	N/A	0.527912	0.534186	0.69808	0.536617	0.315937	0.704089	0.604725	0.52808	0.563448	0.585336	0.0306997	0.541461	0.548296	0.554323	0.525277	0.565314	0.522455	0.00309882	0.517907	0.584665	0.602007	0.564475	0.569001	0.578555	0.554935	0.181125	0.5	0.5	0.0466695	0.622618	0.193054	0.630574	0.0222579	0.0172606	0.773817	0.642634	0.620184	0.635015	0.714963	0.574967
OG0000234	0.408677	0.248638	0.000118614	0.5	0.5	0.5	0.5	0.5	0.5	0.218193	0.484994	0.33408	0.305826	0.672805	0.250082	0.5	0.5	0.5	0.5	0.5	0.5	0.5	0.5	0.5	0.5	0.5	0.5	0.5	0.5	0.5	0.5	0.5	0.5	0.228544	0.13122	0.088939	0.00190492	0.663545	0.5	0.5	0.5	0.5	N/A	0.527912	0.534186	0.69808	0.536617	0.315937	0.292828	0.5	0.5	0.563448	0.585336	4.61321e-14	0.541461	0.548296	0.554323	0.525277	0.0968289	0.5	0.5	0.5	0.5	0.602007	0.0956	0.5	0.5	0.5	0.5	0.5	0.5	0.58974	0.100902	0.5	0.5	0.52202	0.555497	0.590518	0.535005	0.545994	0.07835	0.5	0.5
OG0000241	0.408677	0.5	0.5	0.5	0.5	0.642395	0.5	0.5	0.5	0.565927	0.0977255	0.33408	0.305826	0.250082	0.672805	0.5	0.5	0.5	0.198207	0.566813	0.0990228	0.626788	0.185555	0.5	0.5	0.5	0.5	0.5	0.5	0.00401641	0.000624684	0.0108733	0.024694	0.12022	0.742097	0.684214	0.684214	0.375499	0.30781	0.117154	0.593757	0.142224	N/A	0.527912	0.534186	0.284696	0.536617	0.315937	0.704089	0.154015	0.5	0.563448	0.585336	0.723497	0.541461	0.548296	0.554323	0.525277	0.565314	0.0335542	0.5	0.517907	0.584665	0.602007	0.564475	0.569001	0.578555	0.0816031	0.181125	0.5	0.5	3.89788e-05	0.731315	0.739053	0.741824	0.596674	0.701742	0.433609	0.619848	0.676184	0.694589	0.781476	0.61556
OG0000251	0.408677	0.810705	0.810705	0.5	0.5	0.5	0.5	0.5	0.5	0.5	0.5	0.5	0.5	0.5	0.5	0.5	0.5	0.5	0.5	0.5	0.5	0.626788	0.0090824	0.5	0.5	0.197802	1.41163e-08	0.564255	0.564255	0.000995001	0.370799	0.280348	0.685914	0.5799	5.3967e-07	3.88236e-06	0.176725	0.854976	0.350548	0.701025	0.0102193	0.609166	N/A	0.527912	0.534186	0.0236137	0.536617	0.315937	0.292828	0.5	0.5	0.563448	0.12601	0.5	0.5	0.5	0.5	0.5	0.5	0.5	0.5	0.5	0.5	0.602007	0.564475	0.569001	0.578555	0.0816031	0.623673	0.0196432	0.645344	0.00439506	0.666548	0.67357	0.268594	0.00283398	0.701742	0.0979783	0.281115	0.676184	0.132066	0.803641	0.633523
OG0000258	0.408677	0.671761	0.671761	0.5	0.5	0.0213454	0.000122106	0.108171	0.0104074	0.565927	0.565927	0.735057	0.305826	0.250082	0.092041	0.632684	0.572102	0.0372435	0.635712	0.566813	0.0990228	0.707611	0.707611	0.5	0.5	0.635425	0.60852	0.533824	0.533824	0.777444	0.437545	0.00584748	0.0146542	0.0835221	0.793947	3.88236e-06	0.176725	0.834159	0.800142	0.117154	0.593757	5.90759e-05	N/A	0.527912	0.534186	0.69808	0.536617	0.315937	0.109211	5.26159e-06	0.669814	0.563448	0.585336	0.723497	0.541461	0.548296	0.554323	0.525277	0.565314	0.522455	0.575854	0.517907	0.584665	0.602007	0.564475	0.569001	0.0406798	0.0816031	0.623673	0.538573	0.582607	0.000413901	0.702189	0.709772	0.712505	0.57983	0.0291446	0.796444	0.663181	0.650109	0.667142	0.192138	0.61556
OG0000264	0.793788	0.5	0.5	0.171862	0.617178	0.5	0.5	0.5	0.5	0.565927	0.565927	0.33408	0.713756	0.5	0.5	0.5	0.5	0.5	0.5	0.5	0.5	0.313678	0.134458	0.348959	0.00592688	0.771629	0.00682072	0.00204624	0.591671	0.687521	0.282808	0.280348	0.116353	0.74481	0.233089	0.164192	1.23339e-08	0.751869	0.629539	0.546683	0.521262	0.0317777	N/A	0.527912	0.534186	0.284696	0.536617	0.72133	0.292828	0.5	0.5	0.563448	0.585336	0.723497	0.541461	0.548296	0.0807031	0.5	0.5	0.5	0.5	0.5	0.5	0.0532833	0.61676	0.624066	0.639113	0.600989	0.130963	0.603063	0.69348	0.656096	0.622618	0.628442	0.630574	0.542597	0.601933	0.657252	0.566378	0.585743	0.146041	0.595301	0.527108
OG0000289	0.0199705	0.248638	0.671761	0.5	0.5	0.5	0.5	0.5	0.5	0.5	0.5	0.5	0.5	0.5	0.5	0.5	0.5	0.5	0.5	0.5	0.5	0.523041	0.00627862	0.81693	0.509274	0.806829	0.77294	0.000257989	1.85725e-07	0.687521	0.687521	0.61055	0.61055	0.5	0.5	0.5	0.5	0.751869	0.00174435	0.621732	0.541178	0.0617764	N/A	0.527912	0.534186	0.69808	0.536617	0.315937	0.292828	0.5	0.5	0.563448	0.12601	0.5	0.5	0.5	0.5	0.5	0.5	0.5	0.5	0.5	0.5	0.0532833	0.0105138	0.70409	0.15888	0.672508	0.793095	0.630019	0.166971	0.656096	0.622618	0.628442	0.196275	0.542597	0.00226764	0.5	0.5	0.585743	0.0540569	0.714963	0.113025
OG0000291	0.408677	0.671761	0.671761	0.5	0.5	0.5	0.5	0.5	0.5	0.0339691	0.0977255	0.735057	0.80222	0.4938	0.270234	0.206582	0.265656	0.0285089	0.771978	0.00166758	0.249715	0.185555	0.0667619	0.0767361	0.211289	0.635425	0.60852	0.0171877	0.533824	0.370799	0.740095	0.368025	0.738399	0.0890812	0.218536	0.00160155	0.149705	0.802737	0.764287	0.546683	0.521262	0.521262	N/A	0.527912	0.534186	0.69808	0.536617	0.315937	0.292828	0.5	0.5	0.563448	0.585336	0.723497	0.541461	0.0247004	0.0557377	0.570288	0.661073	0.562974	0.681271	0.55091	0.697091	0.602007	0.564475	0.569001	0.578555	0.554935	0.623673	0.538573	0.582607	0.00439506	0.666548	0.67357	0.67612	0.561834	0.0850636	0.182688	0.642634	0.620184	0.635015	0.0196389	0.527108
OG0000302	0.408677	0.0914663	0.671761	0.5	0.5	0.207641	0.0789195	0.0407058	0.527265	0.0339691	0.565927	0.33408	0.0278605	0.672805	0.250082	0.0699878	0.572102	0.10675	0.198207	0.5	0.5	0.185555	0.0667619	0.644987	0.211289	0.197802	0.60852	0.0504397	0.533824	0.173402	0.370799	0.0272401	0.000154323	0.169342	0.654889	0.609311	0.609311	0.751869	0.0850274	0.0713601	0.559842	0.559842	N/A	0.527912	0.534186	0.69808	0.536617	0.315937	0.704089	0.604725	0.52808	0.563448	0.585336	0.723497	0.541461	0.548296	0.554323	0.525277	0.565314	0.522455	0.575854	0.517907	0.125035	0.602007	0.564475	0.569001	0.578555	0.554935	0.623673	0.538573	0.582607	0.0466695	0.0703093	0.67357	0.67612	0.542597	0.601933	0.657252	0.566378	0.585743	0.0540569	0.714963	0.574967
OG0000332	0.155996	0.671761	0.248638	0.5	0.5	0.5	0.5	0.5	0.5	0.5	0.5	0.5	0.5	0.5	0.5	0.5	0.5	0.5	0.5	0.5	0.5	0.000106817	0.0256077	0.105239	0.194406	0.249069	0.860012	0.178017	0.735337	0.068021	0.135856	0.0503107	0.839418	0.466196	0.137448	0.5	0.5	0.477571	1.85101e-06	0.5	0.5	0.5	N/A	0.527912	0.534186	0.69808	0.536617	0.315937	0.292828	0.5	0.5	0.563448	0.12601	0.5	0.5	0.5	0.5	0.5	0.5	0.5	0.5	0.5	0.5	0.00574501	0.0230265	0.733262	0.194345	0.700312	0.0807985	0.0395641	0.0955934	0.705781	0.0255658	0.739053	0.0687742	0.561834	0.640943	0.707087	4.3155e-05	0.620184	0.635015	0.00145538	0.5
OG0000333	0.408677	0.248638	0.0914663	0.5	0.5	0.5	0.5	0.5	0.5	0.0977255	0.565927	0.735057	0.305826	0.250082	0.250082	0.193921	0.10675	0.572102	0.198207	0.5	0.5	0.134458	0.707611	0.730348	0.348959	0.330688	0.11411	0.533824	0.533824	0.282808	0.00274342	0.0115391	0.116353	0.0835221	0.0911554	0.0467736	0.774114	0.382823	0.711155	0.0477324	0.541178	0.541178	N/A	0.527912	0.534186	0.69808	0.536617	0.315937	0.292828	0.5	0.5	0.563448	0.585336	0.723497	0.541461	0.548296	0.554323	0.525277	0.565314	0.522455	0.575854	0.517907	0.125035	0.0532833	0.61676	0.624066	0.639113	0.600989	0.703554	0.572742	0.218618	0.656096	0.622618	0.628442	0.630574	0.542597	2.41726e-05	0.12574	0.698527	0.585743	0.597259	0.664289	0.552032
OG0000355	0.00714539	0.248638	0.0914663	0.5	0.5	0.5	0.5	0.5	0.5	0.5	0.5	0.33408	0.713756	0.672805	0.250082	0.5	0.5	0.5	0.5	0.5	0.5	0.5	0.5	0.0767361	0.211289	0.197802	0.159465	0.533824	2.03583e-05	0.611719	0.164052	0.5	0.5	0.5	0.5	0.5	0.5	3.35294e-58	0.189462	0.0694525	0.0317777	0.521262	N/A	0.527912	0.534186	0.69808	0.536617	0.315937	0.292828	0.5	0.5	0.563448	0.585336	0.318816	0.541461	0.548296	0.554323	0.525277	0.0968289	0.5	0.5	0.5	0.5	0.602007	0.564475	0.569001	0.116155	0.554935	0.623673	0.538573	0.582607	0.58974	0.568099	0.571747	0.108198	0.52202	0.08243	0.5	0.5	0.0234994	0.146041	0.595301	0.527108
OG0000361	0.408677	0.5	0.5	0.5	0.5	0.642395	0.55311	0.527265	0.527265	0.565927	0.0977255	0.5	0.5	0.5	0.5	0.5	0.5	0.5	0.5	0.5	0.5	0.185555	0.626788	0.0767361	0.211289	0.197802	0.60852	0.5	0.5	0.740095	0.740095	0.0272401	0.738399	3.47592e-08	0.742097	0.000775141	0.0335692	0.542802	9.67087e-07	0.621732	0.00264462	0.0901128	N/A	0.527912	0.534186	0.284696	0.536617	0.315937	0.704089	0.604725	0.52808	0.563448	0.585336	0.723497	0.0617436	0.5	0.5	0.5	0.5	0.5	0.5	0.5	0.5	0.602007	0.564475	0.569001	0.578555	0.554935	0.623673	0.538573	0.122047	0.00439506	0.666548	0.67357	0.67612	0.033361	0.112434	0.433609	0.619848	0.650109	0.667142	0.395163	0.574967
OG0000372	0.408677	0.0914663	0.248638	0.5	0.5	0.5	0.5	0.5	0.5	0.5	0.5	0.33408	0.713756	0.0768722	0.398974	0.141107	0.193903	0.629004	0.718965	0.0112946	0.181138	0.5	0.5	0.644987	0.211289	0.635425	0.60852	0.0504397	0.533824	0.00695396	0.164052	0.61055	0.162377	0.0890812	0.742097	0.0129807	0.684214	0.477571	0.0850274	0.621732	0.00264462	0.0901128	N/A	0.527912	0.534186	0.69808	0.536617	0.315937	0.292828	0.5	0.5	0.563448	0.585336	0.318816	0.541461	0.548296	0.0278548	0.548654	0.618124	0.54341	0.634909	0.534859	0.648474	0.602007	0.564475	0.569001	0.116155	0.554935	0.623673	0.538573	0.582607	0.58974	0.568099	0.571747	0.573094	0.000247815	0.0850636	0.744821	0.619848	0.620184	0.635015	0.714963	0.574967
OG0000375	0.0025566	0.671761	0.671761	0.5	0.5	0.5	0.5	0.5	0.5	0.813818	0.293258	0.33408	0.305826	0.250082	0.017585	0.5	0.5	0.5	0.5	0.5	0.5	0.185555	0.0667619	0.5	0.5	0.197802	0.159465	0.591671	0.051477	0.173402	0.740095	0.685914	0.0115391	0.74481	0.0424027	0.00707322	0.650194	0.751869	0.201601	0.0123518	0.559842	0.0901128	N/A	0.527912	0.534186	0.69808	0.536617	0.315937	0.292828	0.5	0.5	0.563448	0.585336	2.23377e-06	0.541461	0.548296	0.554323	0.525277	0.0968289	0.5	0.5	0.5	0.5	0.602007	0.564475	0.569001	0.578555	0.0816031	0.623673	0.538573	0.00369897	0.0466695	0.622618	0.0741982	0.630574	0.542597	0.601933	0.0944044	0.594537	0.585743	0.0540569	0.714963	0.574967
OG0000379	0.408677	0.248638	0.0173572	0.5	0.5	0.5	0.5	0.5	0.5	0.5	0.5	0.33408	0.305826	2.4924e-05	0.762	0.193921	0.000208978	0.10675	0.635712	0.566813	0.0990228	0.0090824	0.626788	0.0767361	0.211289	0.197802	0.159465	0.0504397	0.533824	0.00695396	0.164052	0.61055	0.61055	0.228544	0.58893	0.55993	0.088939	1.43294e-37	0.5	0.5	0.5	0.5	N/A	0.527912	0.534186	0.69808	0.536617	0.315937	0.292828	0.5	0.5	0.563448	0.585336	0.318816	0.541461	0.548296	0.554323	0.012794	0.565314	0.522455	0.575854	0.517907	0.584665	0.602007	0.564475	0.569001	0.578555	0.554935	0.623673	0.538573	0.582607	0.58974	0.568099	0.571747	0.573094	0.52202	0.555497	0.590518	0.535005	0.545994	0.07835	0.5	0.5
OG0000389	0.408677	0.5	0.5	0.617178	0.617178	0.5	0.5	0.5	0.5	0.0680004	0.178976	0.735057	0.5	0.5	0.5	0.5	0.5	0.5	0.5	0.5	0.5	0.707611	0.313678	0.730348	0.0223075	0.330688	0.11411	0.564255	0.000740432	0.740095	0.740095	0.046339	0.000529055	0.445284	0.343897	0.00010182	0.116871	0.268474	0.857364	0.72105	0.623636	0.188891	N/A	0.527912	0.534186	0.284696	0.536617	0.72133	0.292828	0.5	0.5	0.563448	0.585336	0.119754	0.541461	0.071831	0.5	0.5	0.5	0.5	0.5	0.5	0.5	0.0532833	0.61676	0.624066	0.639113	0.600989	0.703554	0.572742	0.645344	0.0204508	0.702189	0.324067	0.712505	0.00502947	0.164266	0.0776868	0.713741	0.698973	0.156395	0.821068	0.650112
OG0000430	0.408677	0.671761	0.248638	0.5	0.5	0.5	0.5	0.5	0.5	0.5	0.5	0.5	0.5	0.5	0.5	0.5	0.5	0.5	0.5	0.5	0.5	0.5	0.5	0.5	0.5	0.197802	0.60852	0.533824	0.533824	0.0585485	0.164052	0.61055	0.162377	0.5	0.5	0.5	0.5	0.590046	0.530856	0.0822872	0.440884	0.230423	N/A	0.527912	0.534186	0.69808	0.536617	0.315937	0.292828	0.5	0.5	0.563448	0.12601	0.5	0.5	0.5	0.5	0.5	0.5	0.5	0.5	0.5	0.5	0.602007	0.564475	0.102222	0.5	0.5	0.623673	0.538573	0.582607	0.58974	0.568099	0.571747	0.573094	0.52202	0.08243	0.5	0.5	2.45592e-06	1.24194e-08	1.1208e-06	0.804842
OG0000489	0.408677	0.0914663	0.671761	0.5	0.5	0.5	0.5	0.5	0.5	0.00160364	0.246994	0.33408	0.0067804	0.017585	0.672805	0.193921	0.0372435	0.572102	0.198207	0.0990228	0.000164953	0.5	0.5	0.644987	0.211289	0.197802	0.60852	0.5	0.5	0.777444	0.00605102	0.434698	0.0146542	0.531956	0.742097	0.684214	0.00262929	0.834159	0.800142	0.117154	0.142224	0.0534858	N/A	0.527912	0.534186	0.69808	0.536617	0.315937	0.292828	0.5	0.5	0.563448	0.585336	0.0306997	0.541461	0.548296	0.554323	0.525277	0.565314	0.522455	0.575854	0.517907	0.584665	0.602007	0.564475	0.569001	0.116155	0.554935	0.623673	0.538573	0.122047	0.000413901	0.702189	0.709772	0.712505	0.57983	0.673854	0.744821	0.619848	0.650109	0.667142	0.192138	0.61556
OG0000515	0.408677	0.5	0.5	0.5	0.5	5.25415e-05	0.0813466	0.527265	0.527265	0.00231861	0.0977255	0.33408	0.713756	2.69573e-18	0.250082	0.193921	0.00278982	0.10675	0.198207	0.5	0.5	0.0667619	0.626788	0.644987	0.644987	0.0714897	0.60852	0.0504397	0.533824	0.0585485	0.164052	0.61055	0.162377	0.228544	0.0462346	0.5	0.5	0.0869434	0.189462	0.0694525	0.0317777	0.521262	N/A	0.527912	0.534186	0.284696	0.536617	0.315937	0.00581253	0.420135	0.00137517	0.563448	0.585336	0.723497	0.541461	0.548296	0.554323	0.525277	0.565314	0.522455	0.575854	0.517907	0.125035	0.602007	0.564475	0.569001	0.578555	0.554935	0.623673	0.538573	0.582607	0.58974	0.568099	0.571747	0.573094	0.52202	0.555497	0.590518	0.0521901	0.545994	0.552723	0.595301	0.527108
OG0000577	0.408677	0.671761	0.248638	0.5	0.5	0.100864	0.635848	0.0413923	0.575364	0.565927	0.565927	0.33408	0.114478	0.250082	0.250082	3.65352e-06	0.193903	0.0745768	0.0189819	0.00348702	0.0112946	0.185555	0.626788	0.0767361	0.644987	0.635425	0.0568113	0.533824	0.533824	0.611719	0.611719	0.61055	0.0579135	0.228544	0.0926822	0.609311	0.0616479	0.0869434	0.629539	0.0694525	0.521262	0.521262	N/A	0.527912	0.534186	0.69808	0.536617	0.315937	0.0251951	0.729739	0.577428	0.563448	0.585336	0.723497	0.541461	0.548296	0.554323	0.525277	0.0336451	0.54341	0.634909	0.534859	0.648474	0.602007	0.564475	0.569001	0.578555	0.554935	0.623673	0.538573	0.582607	0.58974	0.568099	0.571747	0.573094	0.52202	0.555497	0.0470876	0.566378	0.545994	0.552723	0.595301	0.527108
OG0000607	0.408677	0.248638	0.671761	0.5	0.5	0.5	0.5	0.5	0.5	0.5	0.5	0.5	0.5	0.5	0.5	0.5	0.5	0.5	0.5	0.5	0.5	0.5	0.5	0.644987	0.211289	0.5	0.5	0.5	0.5	0.00741532	0.370799	0.368025	2.38495e-05	0.466196	6.1244e-06	0.226694	0.437585	0.477571	0.410923	0.00410135	0.00724075	0.593757	N/A	0.527912	0.534186	0.69808	0.536617	0.315937	0.292828	0.5	0.5	0.563448	0.12601	0.5	0.5	0.5	0.5	0.5	0.5	0.5	0.5	0.5	0.5	0.602007	0.564475	0.569001	0.116155	0.554935	0.181125	0.5	0.5	0.00439506	0.666548	0.67357	0.67612	0.561834	0.640943	5.82198e-05	0.698527	0.620184	0.635015	0.714963	0.0042682
OG0000614	0.0558151	0.000625054	0.248638	0.5	0.5	0.5	0.5	0.5	0.5	0.5	0.5	0.33408	0.305826	0.250082	0.250082	0.5	0.5	0.5	0.198207	0.0990228	0.566813	0.0090824	0.626788	0.644987	0.644987	0.197802	0.00654178	0.0504397	0.533824	0.687521	0.282808	0.280348	0.685914	0.0083851	0.25433	0.028294	0.00760195	0.802737	0.410923	0.651903	0.042876	0.116895	N/A	0.527912	0.534186	0.69808	0.536617	0.315937	0.292828	0.5	0.5	0.563448	0.585336	0.318816	0.541461	0.548296	0.554323	0.525277	0.565314	0.0335542	0.5	0.517907	0.584665	0.602007	0.564475	0.569001	0.578555	0.554935	0.623673	0.538573	0.582607	0.0466695	0.622618	0.628442	0.630574	0.0222579	0.640943	0.00403892	0.663181	0.620184	0.635015	0.147484	0.596089
OG0000621	0.408677	0.248638	0.671761	0.5	0.5	0.5	0.5	0.5	0.5	0.00231861	0.0977255	0.735057	0.5	0.5	0.5	0.5	0.5	0.5	0.5	0.5	0.5	0.185555	0.626788	0.5	0.5	0.5	0.5	0.5	0.5	0.804663	0.269741	0.165753	0.00115632	0.828683	0.179542	0.650194	0.228218	0.06559	0.30781	0.0121136	0.000244757	0.142224	N/A	0.527912	0.534186	0.69808	0.536617	0.315937	0.292828	0.5	0.5	0.563448	0.585336	0.723497	0.541461	0.071831	0.5	0.5	0.5	0.5	0.5	0.5	0.5	0.602007	0.564475	0.569001	0.578555	0.0816031	0.181125	0.5	0.5	0.000413901	0.137895	0.739053	0.181411	0.57983	0.673854	0.744821	0.182128	0.0931478	0.694589	0.781476	0.61556
OG0000638	0.408677	0.671761	0.671761	0.5	0.5	0.5	0.5	0.5	0.5	0.565927	0.0977255	0.5	0.5	0.5	0.5	0.5	0.5	0.5	0.5	0.5	0.5	0.626788	0.0090824	0.5	0.5	0.5	0.5	0.5	0.5	0.282808	5.67974e-05	0.61055	0.61055	0.12022	0.771175	0.000101111	3.83924e-05	0.128802	0.764287	7.77201e-05	0.116895	0.577341	N/A	0.527912	0.534186	0.69808	0.536617	0.315937	0.292828	0.5	0.5	0.563448	0.585336	0.723497	0.0617436	0.5	0.5	0.5	0.5	0.5	0.5	0.5	0.5	0.602007	0.564475	0.569001	0.578555	0.0816031	0.181125	0.5	0.5	0.0466695	0.622618	0.628442	0.196275	0.0222579	0.0172606	0.773817	0.642634	0.620184	0.635015	0.147484	0.596089
OG0000650	0.408677	0.248638	0.671761	0.5	0.5	0.5	0.5	0.5	0.5	0.5	0.5	0.5	0.5	0.5	0.5	0.5	0.5	0.5	0.5	0.5	0.5	0.0667619	0.185555	0.644987	0.211289	0.197802	8.674e-05	0.5	0.5	0.687521	0.282808	0.803157	0.024694	0.0272342	0.742097	0.0201381	1.43484e-13	0.17664	0.629539	0.0694525	0.0317777	0.521262	N/A	0.527912	0.534186	0.69808	0.536617	0.315937	0.292828	0.5	0.5	0.563448	0.12601	0.5	0.5	0.5	0.5	0.5	0.5	0.5	0.5	0.5	0.5	0.602007	0.564475	0.569001	0.578555	0.554935	0.623673	0.538573	0.122047	0.0466695	0.622618	0.628442	0.00077569	0.542597	0.601933	0.0208094	0.0708027	0.585743	0.146041	0.595301	0.527108
OG0000900	0.408677	0.0914663	0.248638	0.5	0.5	0.5	0.5	0.5	0.5	0.0109953	0.178976	0.125964	0.305826	0.250082	0.250082	0.0100008	0.572102	0.572102	0.198207	0.566813	0.000164953	0.5	0.5	0.5	0.5	0.5	0.5	0.5	0.5	0.00274342	0.282808	0.685914	0.685914	0.0378122	0.00286608	0.684214	0.684214	0.0638306	0.410923	0.0713601	0.541178	0.541178	N/A	0.527912	0.534186	0.69808	0.536617	0.315937	0.292828	0.5	0.5	0.563448	0.585336	0.119754	0.541461	0.548296	0.554323	0.525277	0.565314	0.522455	0.575854	0.517907	0.584665	0.602007	0.0956	0.5	0.5	0.5	0.5	0.5	0.5	0.0466695	0.622618	0.628442	0.630574	0.0222579	0.0850636	0.744821	0.619848	0.620184	0.635015	0.714963	0.113025
OG0000995	0.408677	0.671761	0.248638	0.5	0.5	0.642395	0.55311	0.527265	0.527265	0.0339691	0.565927	0.33408	0.305826	0.250082	0.250082	0.193921	0.10675	0.572102	0.198207	0.00238343	0.0990228	0.313678	0.0410608	0.0538531	0.0223075	0.718607	0.276052	0.564255	0.000740432	0.000995001	0.740095	0.0115391	0.116353	0.371655	0.0926822	0.609311	0.609311	0.751869	0.711155	0.586933	0.0317777	0.521262	N/A	0.527912	0.534186	0.69808	0.536617	0.315937	0.704089	0.604725	0.52808	0.563448	0.585336	0.723497	0.541461	0.548296	0.554323	0.525277	0.565314	0.522455	0.575854	0.517907	0.584665	0.0532833	0.61676	0.624066	0.639113	0.600989	0.703554	0.572742	0.645344	0.656096	0.622618	0.0741982	0.630574	0.542597	0.601933	0.657252	0.566378	0.585743	0.597259	0.664289	0.0780683
OG0001061	0.408677	0.248638	0.671761	0.5	0.5	0.5	0.5	0.5	0.5	0.00160364	0.246994	0.5	0.5	0.5	0.5	0.5	0.5	0.5	0.5	0.5	0.5	0.5	0.5	0.5	0.5	0.5	0.5	0.5	0.5	0.00274342	0.0118361	0.0115391	7.33195e-06	0.74481	0.233089	0.091975	0.650194	0.802737	0.800142	2.24854e-05	0.593757	0.142224	N/A	0.527912	0.534186	0.69808	0.536617	0.315937	0.292828	0.5	0.5	0.563448	0.585336	0.0306997	0.0617436	0.5	0.5	0.5	0.5	0.5	0.5	0.5	0.5	0.602007	0.0956	0.5	0.5	0.5	0.5	0.5	0.5	0.0466695	0.622618	0.628442	0.630574	0.542597	0.601933	0.657252	0.0355997	0.0470132	0.0807443	0.0768173	0.204147
OG0001158	0.408677	0.0914663	0.671761	0.5	0.5	0.5	0.5	0.5	0.5	0.5	0.5	0.735057	0.0067804	0.250082	0.250082	0.193921	0.0745768	0.629004	0.198207	0.5	0.5	0.0667619	0.626788	0.211289	0.644987	0.635425	0.60852	0.533824	0.533824	0.0118361	0.687521	0.280348	0.685914	0.796359	0.179542	0.000775141	0.0335692	0.0687391	0.0169468	0.0477324	0.521262	0.0317777	N/A	0.527912	0.534186	0.69808	0.536617	0.315937	0.292828	0.5	0.5	0.563448	0.585336	0.318816	0.541461	0.548296	0.554323	0.525277	0.565314	0.522455	0.0392396	0.517907	0.125035	0.602007	0.564475	0.569001	0.578555	0.554935	0.623673	0.538573	0.582607	0.0466695	0.622618	0.628442	0.630574	0.542597	0.0569734	0.139947	0.619848	0.585743	0.597259	0.664289	0.0780683
OG0001259	0.408677	0.671761	0.248638	0.5	0.5	0.5	0.5	0.5	0.5	0.0977255	0.565927	0.735057	0.465114	1.0482e-06	0.00734119	2.25051e-05	0.572102	0.572102	0.198207	0.5	0.5	0.185555	0.626788	0.211289	0.644987	0.5	0.5	0.5	0.5	0.611719	0.611719	0.00680176	0.162377	0.5	0.5	0.5	0.5	0.237245	0.189462	0.0238586	0.5	0.5	N/A	0.527912	0.534186	0.69808	0.536617	0.315937	0.292828	0.5	0.5	0.563448	0.585336	0.723497	0.541461	0.0247004	0.59996	2.75639e-11	0.618124	0.54341	0.202827	0.0522937	0.125035	0.602007	0.564475	0.569001	0.578555	0.554935	0.181125	0.5	0.5	0.58974	0.568099	0.571747	0.573094	0.52202	0.08243	0.5	0.5	0.545994	0.552723	0.595301	0.0404733
OG0001746	0.408677	0.760877	0.760877	0.5	0.5	0.5	0.5	0.5	0.5	0.565927	0.565927	0.735057	0.713756	0.672805	0.017585	0.632684	0.572102	0.10675	0.198207	0.566813	0.0990228	0.626788	0.00123558	0.644987	0.644987	0.197802	0.60852	0.533824	0.0504397	0.777444	0.224228	0.685914	0.280348	0.0132129	0.0952079	0.000101111	0.712674	0.180171	0.800142	0.651903	0.577341	0.116895	N/A	0.527912	0.534186	0.105925	0.536617	0.315937	0.292828	0.5	0.5	0.563448	0.585336	0.723497	0.541461	0.548296	0.554323	0.525277	0.565314	0.522455	0.575854	0.517907	0.584665	0.602007	0.564475	0.569001	0.578555	0.554935	0.623673	0.538573	0.582607	0.00439506	0.666548	0.110456	0.268594	0.033361	0.112434	0.773817	0.642634	0.650109	0.667142	0.752778	0.596089
OG0002409	0.408677	0.248638	0.671761	0.5	0.5	0.207641	0.55311	0.5	0.5	0.565927	0.565927	0.33408	0.305826	0.250082	0.672805	0.193921	0.10675	0.572102	0.198207	0.5	0.5	0.707611	0.313678	0.155119	0.730348	0.635425	0.60852	0.0171877	0.533824	0.0318048	0.282808	0.0115391	0.685914	0.86558	0.0213896	0.028294	0.736616	0.834159	0.800142	0.67814	0.0534858	0.00241433	N/A	0.527912	0.534186	0.69808	0.536617	0.315937	0.704089	0.604725	0.0419172	0.563448	0.585336	0.723497	0.541461	0.548296	0.554323	0.525277	0.565314	0.522455	0.575854	0.517907	0.125035	0.0532833	0.61676	0.624066	0.639113	0.600989	0.307423	0.538573	0.582607	0.0935601	0.253634	0.628442	0.630574	0.033361	0.0291446	0.796444	0.663181	0.650109	0.667142	0.192138	0.61556
OG0002989	0.408677	0.671761	0.671761	0.5	0.5	0.0753129	0.5	0.5	0.5	0.5	0.5	0.33408	0.102714	0.070418	0.140406	0.0019094	0.111012	0.0106167	0.0427159	0.00166758	0.00897902	0.5	0.5	0.211289	0.644987	0.5	0.5	0.5	0.5	0.687521	0.687521	0.162377	0.61055	0.371655	0.654889	0.164192	0.009077	0.382823	0.711155	0.130506	0.0214838	0.541178	N/A	0.527912	0.534186	0.69808	0.536617	0.315937	0.704089	0.154015	0.5	0.563448	0.585336	0.318816	0.541461	0.00122322	0.638446	0.570288	0.661073	0.562974	0.681271	0.55091	0.697091	0.602007	0.564475	0.569001	0.116155	0.554935	0.181125	0.5	0.5	0.0466695	0.622618	0.628442	0.196275	0.542597	0.601933	0.657252	0.566378	0.585743	0.597259	0.664289	0.552032
OG0003584	0.000117105	0.5	0.5	0.5	0.5	0.5	0.5	0.5	0.5	0.0240295	0.246994	0.5	0.5	0.5	0.5	0.5	0.5	0.5	0.5	0.5	0.5	0.0667619	0.185555	0.5	0.5	0.197802	0.159465	0.533824	0.0504397	0.5	0.5	0.5	0.5	0.5	0.5	0.5	0.5	2.57483e-38	0.5	0.5	0.5	0.5	N/A	0.527912	0.0509759	0.5	0.5	0.5	0.5	0.5	0.5	0.563448	0.585336	0.0306997	0.0617436	0.5	0.5	0.5	0.5	0.5	0.5	0.5	0.5	0.602007	0.564475	0.569001	0.578555	0.0816031	0.623673	0.538573	0.582607	0.58974	0.100902	0.5	0.5	0.52202	0.08243	0.5	0.5	0.545994	0.07835	0.5	0.5
OG0003598	0.408677	0.5	0.5	0.617178	0.617178	0.5	0.5	0.5	0.5	0.565927	0.565927	0.735057	0.713756	3.86541e-16	0.672805	0.632684	0.0372435	0.572102	0.198207	0.566813	0.0344384	0.626788	0.626788	0.644987	0.644987	0.635425	0.60852	0.533824	0.533824	0.611719	0.611719	0.685914	0.685914	0.657299	0.13122	0.55993	0.55993	0.663545	0.0850274	0.0713601	0.559842	0.559842	N/A	0.527912	0.534186	0.284696	0.536617	0.72133	0.292828	0.5	0.5	0.563448	0.585336	0.723497	0.541461	0.548296	0.554323	0.525277	0.565314	0.522455	0.575854	0.517907	0.584665	0.602007	0.564475	0.569001	0.578555	0.554935	0.623673	0.538573	0.582607	0.58974	0.568099	0.571747	0.0377711	0.52202	0.555497	0.590518	0.535005	0.545994	0.00146403	0.714963	0.574967
OG0003667	0.408677	0.248638	0.671761	0.5	0.5	0.5	0.5	0.5	0.5	0.0339691	0.0977255	0.33408	0.305826	0.672805	0.092041	0.632684	0.10675	0.572102	0.635712	0.5	0.5	0.626788	0.0667619	0.0767361	0.211289	0.5	0.5	0.5	0.5	0.164052	9.80991e-05	0.5	0.5	0.12022	0.793947	4.17126e-08	0.00073663	0.477571	0.800142	0.00128146	0.577341	0.577341	N/A	0.527912	0.534186	0.69808	0.536617	0.315937	0.292828	0.5	0.5	0.563448	0.585336	0.723497	0.541461	0.548296	0.554323	0.525277	0.565314	0.522455	0.575854	0.517907	0.125035	0.602007	0.564475	0.569001	0.578555	0.554935	0.181125	0.5	0.5	0.0466695	0.18426	0.571747	0.108198	0.0222579	0.0172606	0.222191	0.663181	0.620184	0.0807443	0.752778	0.596089
OG0003915	0.408677	0.671761	0.671761	0.5	0.5	0.5	0.5	0.5	0.5	0.0680004	0.178976	0.735057	0.5	0.5	0.5	0.5	0.5	0.5	0.5	0.5	0.5	0.134458	0.707611	0.730348	0.730348	0.330688	0.276052	0.564255	0.0343795	0.611719	0.164052	0.5	0.5	0.828683	0.471423	0.437585	3.49793e-11	0.0687391	0.629539	0.5	0.5	0.5	N/A	0.527912	0.534186	0.69808	0.536617	0.315937	0.292828	0.5	0.5	0.563448	0.585336	0.119754	0.541461	0.071831	0.5	0.5	0.5	0.5	0.5	0.5	0.5	0.0532833	0.61676	0.624066	0.639113	0.600989	0.703554	0.572742	0.645344	0.656096	0.18426	0.571747	0.108198	0.542597	0.00777813	0.0702512	0.0256278	0.585743	0.146041	0.140435	0.5
OG0004259	0.793788	0.5	0.5	0.5	0.5	0.642395	0.0544634	0.0276273	0.0785003	0.565927	0.0977255	0.5	0.5	0.5	0.5	0.5	0.5	0.5	0.5	0.5	0.5	0.626788	0.185555	0.644987	0.211289	0.5	0.5	0.5	0.5	0.0585485	0.611719	0.61055	0.61055	0.0890812	0.742097	1.0428e-05	0.000203606	0.477571	0.0113317	0.621732	0.559842	0.000763506	N/A	0.527912	0.534186	0.284696	0.536617	0.315937	0.704089	0.0547542	0.553817	0.563448	0.585336	0.723497	0.0617436	0.5	0.5	0.5	0.5	0.5	0.5	0.5	0.5	0.602007	0.564475	0.569001	0.578555	0.554935	0.181125	0.5	0.5	0.0466695	0.18426	0.571747	0.573094	0.0222579	0.0850636	0.744821	0.619848	0.620184	0.635015	0.714963	0.574967
OG0004451	0.408677	0.248638	0.671761	0.5	0.5	0.5	0.5	0.5	0.5	0.5	0.5	0.33408	0.305826	1.0482e-06	0.0695208	0.0240461	0.5	0.5	0.0690344	0.0990228	0.566813	0.5	0.5	0.5	0.5	0.5	0.5	0.5	0.5	0.611719	0.164052	0.5	0.5	0.5	0.5	0.5	0.5	0.5	0.5	0.5	0.5	0.5	N/A	0.527912	0.534186	0.69808	0.536617	0.315937	0.292828	0.5	0.5	0.563448	0.585336	0.318816	0.541461	0.548296	8.69914e-05	7.00557e-07	0.69622	0.581251	3.14809e-05	0.566115	0.00243707	0.602007	0.0956	0.5	0.5	0.5	0.5	0.5	0.5	0.58974	0.568099	0.571747	0.108198	0.0329065	0.5	0.5	0.5	0.5	0.5	0.5	0.5
OG0005058	0.408677	0.0759314	0.397177	0.5	0.5	0.5	0.5	0.5	0.5	0.5	0.5	0.5	0.5	0.5	0.5	0.5	0.5	0.5	0.5	0.5	0.5	0.626788	0.626788	0.5	0.5	0.0714897	0.5	0.5	0.5	9.80991e-05	0.164052	0.5	0.5	0.228544	0.58893	0.55993	0.0308029	0.802737	3.48564e-11	0.130506	0.541178	0.0214838	N/A	0.527912	0.534186	0.105925	0.536617	0.315937	0.292828	0.5	0.5	0.563448	0.12601	0.5	0.5	0.5	0.5	0.5	0.5	0.5	0.5	0.5	0.5	0.602007	0.564475	0.569001	0.578555	0.0816031	0.623673	0.0574727	0.5	0.58974	0.568099	0.571747	0.108198	0.52202	0.555497	0.590518	0.535005	0.0011069	0.635015	0.330103	0.552032
OG0005547	0.408677	0.248638	0.671761	0.5	0.5	0.207641	0.55311	0.5	0.5	0.565927	0.0977255	0.33408	0.305826	0.250082	0.250082	0.5	0.5	0.5	0.198207	0.0990228	0.566813	0.185555	0.626788	0.5	0.5	0.5	0.5	0.5	0.5	0.687521	0.687521	0.0115391	0.116353	0.796359	0.000414601	0.00270797	0.609311	0.477571	0.764287	0.621732	0.0322024	0.000763506	N/A	0.527912	0.534186	0.69808	0.536617	0.315937	0.704089	0.604725	0.0419172	0.563448	0.585336	0.723497	0.541461	0.548296	0.554323	0.525277	0.565314	0.0335542	0.5	0.517907	0.584665	0.602007	0.564475	0.569001	0.578555	0.0816031	0.181125	0.5	0.5	0.0466695	0.622618	0.628442	0.630574	0.0222579	0.640943	0.707087	0.142773	0.620184	0.635015	0.714963	0.574967
