OG0000000	1	0	-1	0	0	3	-1	0	0	3	-1	-2	-2	2	-1	0	0	1	-4	1	-1	0	0	0	-3	0	0	-1	0	-4	0	-9	19	28	3	-14	10	-7	0	6	0	-5	0	0	0	-1	0	-4	3	0	0	4	1	2	0	0	0	0	0	0	0	0	0	4	0	0	1	0	-2	0	0	7	0	-2	1	2	11	2	0	-1	0	1	-2
OG0000001	0	0	0	0	0	0	0	0	0	0	0	0	0	0	0	0	0	0	0	0	0	8	-1	5	-4	0	13	0	-2	3	-2	7	-1	-2	4	-7	5	-4	5	-1	0	-1	0	0	0	0	0	-1	-1	0	0	0	-1	0	0	0	0	0	0	0	0	0	0	13	4	3	3	0	2	1	-6	1	3	0	2	0	0	4	0	-2	0	-7	0
OG0000002	-1	1	0	0	0	0	0	0	0	0	0	-1	0	0	0	0	0	0	0	0	0	-3	9	7	-11	2	6	0	-2	9	-11	-5	7	-13	21	-16	10	20	7	-3	3	-3	0	0	0	0	0	-1	-1	0	0	1	-1	-1	0	0	-1	0	0	0	0	0	0	14	0	1	2	-1	0	0	-7	11	0	-1	0	3	0	11	-1	4	0	-5	0
OG0000003	-1	1	0	0	0	1	0	0	0	8	-3	-1	-1	1	0	7	2	-2	2	0	-2	1	1	-2	0	-1	0	0	0	3	-5	-9	22	9	0	-8	16	-6	3	0	2	-8	0	0	0	0	0	-2	0	0	0	5	0	3	0	0	1	0	1	1	1	0	-4	2	-2	0	3	-1	-2	0	0	9	0	0	1	1	6	4	0	0	0	0	-1
OG0000005	-1	0	0	0	0	0	0	0	0	0	-1	-1	-1	2	0	18	-2	1	0	0	0	-2	0	2	-2	1	1	-1	0	7	-4	-1	0	2	-3	0	6	0	-2	2	0	-1	0	0	0	0	0	-1	-1	0	0	0	0	0	0	0	0	0	0	1	0	0	-1	5	0	0	0	0	1	0	-2	1	0	0	0	1	1	1	2	0	0	1	0
OG0000011	-1	0	0	0	0	0	0	0	0	3	-1	-4	7	2	-2	7	0	-1	-1	0	0	0	0	0	-1	0	0	0	0	2	0	0	-1	5	0	-3	3	0	5	0	3	-2	0	0	0	-1	0	-1	0	0	0	2	1	9	0	0	0	0	0	0	0	0	-1	0	-1	0	0	-1	-2	0	0	1	0	0	0	1	0	0	0	1	1	0	0
OG0000012	16	0	0	0	0	0	0	0	0	0	0	-1	0	0	0	0	0	0	0	0	0	0	7	0	-2	-1	5	-1	0	0	-3	-5	8	-3	15	-9	3	12	3	0	0	-1	0	0	-1	0	0	0	0	0	0	0	0	-1	0	0	-1	0	0	0	0	0	0	5	0	0	3	0	-1	0	-2	2	0	-1	0	2	0	6	0	1	-1	-3	-2
OG0000014	0	0	0	0	-1	0	0	0	0	0	-2	5	11	1	-2	0	1	0	-2	0	-2	1	0	-1	-1	0	0	0	0	-1	2	-3	0	22	-1	-6	6	0	-3	0	0	1	0	0	0	0	-1	-1	-1	0	0	1	0	0	1	0	0	0	-1	0	0	0	-1	0	0	0	1	0	-1	0	0	3	0	1	-1	2	2	0	0	0	0	1	1
OG0000016	0	1	0	0	0	-2	4	3	-4	0	0	-1	0	3	-1	0	0	0	5	-1	0	1	-1	3	0	0	0	0	0	0	0	-1	2	1	0	0	-1	0	0	1	0	0	0	0	0	0	0	-1	2	8	0	1	0	1	0	0	0	0	0	-1	-2	0	-1	0	0	0	0	0	0	0	0	0	0	-1	0	0	2	0	0	-1	0	0	0
OG0000022	0	0	0	0	0	0	0	0	0	0	0	0	0	0	0	0	0	0	0	0	0	-1	5	-1	1	-1	1	0	0	1	-1	-2	1	-3	3	-5	5	6	4	-1	-1	0	0	0	-1	0	0	0	0	0	0	0	-1	0	0	0	0	0	0	0	0	0	0	3	0	0	1	0	-1	0	-1	2	0	0	0	0	0	3	0	0	0	-4	0
OG0000023	-2	1	0	0	0	0	0	0	0	0	0	0	1	19	-1	0	0	0	1	-1	0	1	-1	0	-1	0	0	0	1	1	-1	0	0	2	0	0	0	0	0	0	0	0	0	0	0	0	0	-1	0	0	0	1	0	1	0	0	0	0	-1	0	0	0	-1	1	0	0	0	0	0	0	0	1	0	0	0	0	0	0	-1	0	-1	0	0
OG0000024	1	0	0	0	0	0	0	0	0	0	2	0	-2	4	-2	4	0	0	-1	3	-1	-1	0	-1	3	-1	0	0	0	0	1	-1	0	12	0	-1	0	1	1	-1	2	0	0	0	0	0	0	-1	0	0	-1	1	1	10	0	0	0	0	0	0	-3	0	1	0	-1	0	0	0	0	0	-1	2	0	0	-3	1	1	-2	-1	0	0	0	0
OG0000025	3	0	-1	0	0	0	0	0	0	1	0	-2	10	0	-1	-1	0	1	-1	0	0	1	0	0	-1	-1	-1	0	0	3	0	-4	0	0	3	-5	3	0	2	-1	0	-1	0	0	-1	0	0	-1	-1	0	0	0	0	0	0	0	-1	0	0	0	4	0	-1	3	0	0	0	0	-2	0	0	2	0	0	0	0	0	2	0	0	0	-3	0
OG0000027	2	0	-2	0	0	2	0	0	0	0	0	-1	1	9	-4	-2	0	0	-2	-2	3	0	0	0	1	0	0	0	0	3	-1	-1	0	4	0	-2	3	-2	0	0	1	-1	0	0	0	-1	0	-3	3	0	0	0	1	-1	0	2	0	0	1	0	4	0	0	0	0	-1	-1	0	0	0	0	1	0	1	0	0	0	0	0	0	0	0	0
OG0000031	0	1	0	0	0	0	0	0	0	0	0	-1	0	0	0	0	0	0	0	0	0	5	-1	39	-10	-1	0	-1	1	0	-1	-1	9	-3	1	-3	5	0	2	0	0	-1	0	0	0	0	0	0	0	0	0	0	0	0	0	0	0	0	0	0	0	0	0	3	2	4	2	1	0	0	0	0	0	-2	2	0	0	2	0	0	0	-1	-1
OG0000034	-1	0	0	0	0	0	0	0	0	0	0	0	0	0	-1	2	0	0	0	2	-1	0	1	0	-2	-1	0	0	0	0	3	-3	0	13	0	-3	1	0	-1	-2	0	0	0	0	0	-1	0	-1	0	0	0	1	0	0	0	0	-1	0	0	0	0	0	0	1	0	0	0	0	0	0	-1	2	0	1	0	0	2	-1	0	0	0	0	0
OG0000035	-1	0	0	0	0	-1	1	0	0	1	0	-2	0	2	0	0	0	0	-2	0	0	0	1	1	0	0	0	0	0	1	0	-3	1	2	0	-3	1	-1	0	0	0	0	0	0	0	0	0	-1	0	1	0	1	0	0	0	1	0	1	0	1	1	-1	-1	0	0	0	0	0	0	0	-1	2	0	1	0	0	1	0	0	0	0	-1	0
OG0000036	-1	-1	0	0	0	0	0	0	0	0	0	-4	20	19	-6	-3	2	-2	19	-4	0	0	0	0	0	0	0	0	0	0	-1	0	0	2	0	0	-2	-3	1	-1	1	0	0	0	0	0	0	-2	0	0	0	1	2	0	0	3	0	0	0	0	0	0	-2	0	-2	0	0	0	0	0	0	1	1	0	1	0	0	-1	0	0	0	0	0
OG0000038	0	-1	0	0	0	0	0	0	0	1	0	-1	-1	-1	-1	0	0	0	-1	0	0	0	3	3	-2	0	1	0	0	2	-3	-1	2	1	0	-2	0	1	1	0	1	-2	0	0	0	0	0	-1	-1	0	0	0	0	0	0	0	0	0	0	0	-1	0	-1	2	0	0	0	0	-1	0	-2	3	0	0	0	1	0	0	-1	0	0	0	0
OG0000043	-1	0	1	0	0	0	0	0	0	2	-1	-2	-2	2	-2	-1	0	1	-2	0	1	0	1	0	0	0	-1	0	0	5	-4	-3	6	5	3	-5	4	-1	0	0	1	0	0	0	0	0	0	-1	-1	0	0	1	0	2	0	0	0	0	0	0	1	0	1	0	-1	0	0	0	0	0	0	5	0	0	1	0	6	1	0	0	0	-1	0
OG0000045	1	0	-1	0	0	1	0	0	0	1	-1	0	-1	6	-1	5	2	0	-2	0	0	0	0	0	0	0	0	0	0	0	0	-1	0	2	-1	-1	2	5	-1	-1	2	0	0	0	0	0	0	-1	0	-1	0	1	0	1	0	0	0	0	0	1	0	0	-1	0	0	0	-1	0	-1	0	0	1	-1	0	0	0	1	0	0	0	0	0	0
OG0000046	-1	0	0	0	0	0	0	0	0	0	0	-1	0	0	1	8	0	0	0	1	-1	-1	1	0	0	0	0	0	0	-1	0	-3	2	2	2	-9	9	-3	0	1	-3	0	0	0	0	-1	0	-1	0	1	1	0	0	-1	0	0	0	0	0	0	0	0	0	0	0	0	0	0	-1	0	0	2	0	0	0	2	4	3	0	0	1	1	0
OG0000047	-1	1	-1	0	0	0	0	0	0	-1	1	-1	6	5	-3	1	6	-3	-1	-1	1	-1	0	0	0	0	0	0	0	0	-1	-2	1	-1	3	-1	1	0	1	2	0	0	0	0	0	0	0	-1	-1	0	0	2	1	-1	0	1	0	0	0	0	1	0	0	0	0	0	0	0	0	0	0	1	0	0	0	0	0	1	0	0	0	0	0
OG0000048	-1	0	0	0	0	0	0	0	0	0	0	0	13	3	-1	0	-1	1	-1	0	1	1	0	0	-1	0	0	0	0	3	-4	-3	2	0	0	-3	8	0	0	2	1	-2	0	0	0	0	0	0	1	0	0	1	0	-1	0	0	0	0	0	0	0	0	3	0	0	0	0	0	-2	0	0	3	0	0	0	0	0	2	0	0	1	1	0
OG0000049	-1	4	-1	0	0	0	0	0	0	0	0	-1	0	1	-1	0	0	0	12	-1	0	0	0	0	0	0	1	-1	0	0	-3	0	1	-1	0	-1	0	1	5	0	0	0	0	0	0	0	0	-1	0	0	0	0	0	0	0	0	0	0	0	0	0	0	0	2	1	0	1	0	1	0	0	0	0	0	0	0	-2	0	0	0	0	-1	-1
OG0000050	0	0	0	0	0	-1	1	0	0	0	-1	-1	7	0	-2	0	0	1	-2	0	1	0	1	0	0	0	0	0	0	0	-1	-1	0	2	1	-3	2	-2	0	0	0	0	0	0	0	-1	0	-1	2	2	0	1	0	0	0	1	0	0	0	0	5	0	0	0	0	0	0	0	-1	0	-1	1	0	0	0	0	2	0	0	0	0	0	-2
OG0000051	0	0	0	0	0	0	0	0	0	2	0	0	0	0	0	0	0	0	0	0	0	-1	1	3	-1	-1	-1	0	2	4	0	-3	0	-5	3	-7	7	4	0	-2	1	0	0	0	-1	0	0	0	0	0	0	1	0	0	0	-1	0	0	0	0	0	0	0	0	0	0	0	0	0	0	0	3	0	5	-1	0	0	4	0	0	0	-3	0
OG0000052	6	0	0	0	0	0	0	2	0	0	2	1	0	5	-1	0	0	0	0	0	0	-1	1	0	1	0	0	0	0	1	-3	0	2	-1	0	-3	3	3	1	0	1	0	0	0	-1	0	0	-1	0	0	1	1	0	8	0	0	0	0	-3	0	0	0	0	0	0	0	0	0	-1	0	0	1	0	0	1	0	0	0	0	0	0	0	0
OG0000057	0	0	0	0	0	0	0	0	0	2	0	-1	4	-1	0	1	0	0	-1	0	-2	0	0	1	0	0	0	0	0	0	-2	-2	6	0	2	-1	0	0	-1	0	-1	0	0	0	-1	0	0	0	0	0	0	0	1	2	0	0	0	0	0	0	0	0	0	0	0	0	-1	0	0	-1	0	1	0	0	0	0	0	0	0	0	0	0	0
OG0000059	0	0	0	0	0	0	0	0	0	2	0	0	-1	2	-1	-1	-1	0	0	0	1	0	2	1	-2	0	0	0	-1	0	-2	-1	6	-1	2	-2	5	0	-2	0	4	-3	0	0	0	0	0	-1	-1	0	0	0	0	1	0	0	0	0	0	0	0	0	1	1	0	1	0	0	-1	0	0	1	0	-1	0	2	1	6	0	0	0	1	0
OG0000062	-1	3	0	0	0	0	0	0	0	0	-1	0	0	0	0	0	0	0	0	0	0	-1	1	2	0	-1	5	0	0	0	0	-1	2	10	1	-2	0	-1	7	-1	2	0	0	0	0	1	0	-1	-1	0	0	0	0	0	0	-1	0	0	0	0	0	0	0	1	0	0	0	0	0	0	-2	2	0	0	0	1	2	0	-1	0	1	0	0
OG0000071	-1	1	0	0	0	0	0	0	0	0	0	0	0	5	-1	5	-1	1	-2	1	-1	0	1	0	0	0	0	0	0	1	-2	-2	1	3	0	-3	5	-1	0	2	1	-1	0	0	0	0	0	-1	0	0	0	0	0	-1	0	2	0	0	0	0	0	0	0	1	0	0	1	0	-1	0	0	3	0	0	0	1	0	0	0	0	0	3	0
OG0000073	-1	0	0	0	0	2	0	0	-1	2	-1	0	0	0	0	0	0	0	0	0	0	-1	1	0	3	-1	1	-1	0	-2	0	-1	10	0	1	-1	3	-1	0	0	0	-1	0	0	0	-1	0	-1	0	0	0	0	0	1	0	0	-1	0	0	0	0	0	0	2	0	0	0	0	0	0	-1	0	0	0	1	0	0	2	0	-1	0	0	0
OG0000088	-1	0	0	0	0	0	0	0	0	0	0	7	4	-1	0	1	0	2	-2	0	-1	0	-1	0	0	0	0	0	0	1	-2	-4	2	7	0	-4	0	-2	1	1	0	-1	0	0	0	0	0	-1	0	0	0	1	1	0	0	0	-1	0	0	0	0	0	-1	0	-1	0	0	-1	0	0	0	2	0	0	0	2	2	0	0	0	0	0	0
OG0000096	-1	1	-1	0	0	-1	2	-1	0	0	-1	0	5	-2	0	3	4	-2	-1	0	-1	0	0	0	0	0	0	0	0	0	0	-1	5	1	0	-2	1	-1	1	-2	1	0	0	0	0	0	0	-1	2	4	0	0	1	-1	0	0	0	0	1	0	0	0	0	0	-1	0	0	0	0	0	0	1	0	-1	0	1	0	0	0	0	0	0	0
OG0000097	-1	0	-1	0	0	0	0	0	0	0	1	-1	1	0	-1	0	0	1	0	-1	1	0	0	-1	0	0	0	0	0	1	-1	-3	1	0	6	-1	0	3	0	0	0	-1	0	0	0	0	0	-1	-1	0	0	0	0	0	0	1	0	0	0	2	1	0	0	0	0	0	-1	0	0	0	-1	2	0	0	0	1	2	2	0	0	0	0	0
OG0000100	0	0	0	0	0	0	0	0	0	0	0	-1	-1	0	-1	0	2	-1	0	-1	0	0	1	1	-1	0	2	0	0	1	-1	-1	2	-1	-1	-1	9	-2	3	0	1	-3	0	0	0	-1	0	0	-1	0	0	0	0	-1	0	0	0	0	0	0	0	0	0	2	0	0	1	0	0	0	-1	2	0	0	0	0	1	2	1	0	0	0	0
OG0000105	-1	0	1	0	0	0	0	0	0	0	0	0	0	0	0	0	0	0	0	0	0	0	0	-1	1	3	0	0	0	2	-1	0	0	2	0	-4	6	-1	11	0	1	-1	0	0	0	0	0	-1	-1	0	0	0	-1	0	0	0	0	0	0	0	0	0	0	0	0	0	-1	0	0	0	-1	3	0	0	0	0	1	0	0	0	1	-2	0
OG0000106	0	1	0	0	0	0	0	0	0	0	0	0	0	0	0	0	0	0	0	0	0	0	0	0	-1	0	0	0	0	2	0	0	-1	-1	-1	-2	2	2	-1	0	5	-1	0	0	0	0	0	-1	-1	0	0	0	0	0	-1	0	0	0	0	0	0	0	0	1	0	0	0	0	-1	0	0	1	0	0	-1	0	-1	0	0	4	1	6	2
OG0000115	0	2	0	0	0	0	0	0	0	0	1	-2	0	4	0	1	1	-1	0	-1	3	-1	0	-1	0	0	0	-1	0	1	0	-1	0	0	3	-5	3	0	0	0	0	1	0	0	0	0	0	-1	-1	0	0	1	1	0	0	2	0	0	0	0	0	0	0	0	0	0	0	0	-1	0	0	1	0	0	0	0	2	3	0	0	0	-1	0
OG0000125	-1	1	0	0	0	0	0	0	0	-1	0	0	3	0	0	4	0	0	-1	0	0	-1	5	-1	0	-2	0	0	0	-1	1	0	0	5	1	-6	1	1	-1	1	0	0	0	0	0	1	0	-1	0	-1	0	0	0	0	0	0	0	0	0	0	-1	0	-1	1	0	0	0	0	0	0	0	1	-1	0	-2	0	3	0	0	0	0	0	0
OG0000129	0	0	0	0	0	0	0	0	0	0	4	-1	0	1	-2	0	-1	0	0	0	-1	0	0	0	-1	0	0	1	0	-1	0	0	2	-2	0	0	1	0	0	4	0	0	0	0	0	-1	0	0	-1	0	0	1	1	15	0	0	0	0	0	0	0	0	-1	0	0	1	0	0	-1	0	0	0	0	0	0	0	0	1	0	0	0	0	0
OG0000136	-1	0	0	0	0	0	0	0	0	0	0	0	-1	0	2	4	0	0	-1	0	-1	0	1	0	0	0	0	0	0	0	0	-1	0	5	2	-4	1	0	-1	1	0	-1	0	0	0	0	0	-1	1	0	0	0	0	0	0	0	0	1	0	0	-1	0	0	0	0	0	0	0	0	0	0	3	-1	0	-1	1	3	0	0	0	1	3	0
OG0000152	-1	2	0	0	0	-1	0	0	0	0	1	-1	0	1	0	0	0	-1	-1	1	0	1	0	0	0	0	0	0	0	0	0	-2	4	4	5	-4	1	0	-1	1	0	-2	0	0	0	1	0	-1	0	0	0	0	0	1	0	0	1	0	0	0	-1	0	0	0	0	0	0	0	0	0	1	1	0	-1	0	0	5	1	0	0	0	2	0
OG0000189	0	0	0	0	0	0	0	0	0	4	-2	-1	-1	0	1	0	1	0	-1	0	0	-1	0	0	0	0	0	0	0	0	0	-3	1	12	2	-1	0	-1	0	1	0	0	0	0	-1	0	0	0	0	0	0	1	0	0	0	0	0	0	0	0	1	0	0	1	0	0	0	0	-1	0	-1	1	0	0	0	0	2	0	-1	0	0	1	0
OG0000190	0	0	0	0	0	0	0	0	0	0	5	-3	18	2	-3	0	2	-2	0	-1	0	0	0	0	0	0	0	0	0	0	-2	0	1	-1	0	-1	0	-1	0	0	0	0	0	0	0	0	0	-1	-1	0	0	0	2	17	0	0	0	0	0	0	0	-1	-1	0	-1	0	0	0	0	0	0	0	1	0	1	0	0	0	0	0	0	0	1
OG0000191	3	0	0	0	0	0	0	0	0	2	-1	0	0	0	0	0	0	0	0	0	0	0	0	0	-1	-1	0	-1	2	1	-1	-1	2	0	0	-1	4	-1	-1	0	2	-2	0	0	-1	0	0	0	0	0	0	0	0	1	-1	0	0	0	0	0	0	0	0	1	0	0	0	0	1	0	0	0	0	0	0	0	1	1	0	0	0	2	0
OG0000194	-1	-1	0	0	0	0	0	0	0	1	-1	-1	3	-1	-1	3	0	0	-1	0	0	0	0	1	0	-1	-1	0	-1	1	-4	-1	5	7	0	-4	4	-1	-2	2	0	-1	0	0	0	0	0	-1	-1	0	0	0	0	1	0	0	0	0	0	0	-1	0	-1	0	0	0	0	0	0	0	0	3	0	0	0	0	2	0	0	0	0	1	0
OG0000200	-1	0	0	0	0	0	0	0	0	0	0	-1	-1	-1	1	0	0	0	0	0	0	1	0	-1	-1	0	0	0	0	-1	0	-1	0	18	-1	-4	3	2	4	0	1	-1	0	0	0	1	0	-1	-1	0	0	0	0	0	0	0	0	0	-1	0	0	0	0	1	0	0	1	0	0	0	-1	1	-1	0	0	2	1	0	0	0	0	-1	0
OG0000215	-1	1	-1	0	0	1	0	0	0	1	-1	0	0	0	0	0	1	0	0	3	-1	0	-1	0	0	0	0	-1	0	0	2	0	0	2	0	-2	2	0	2	0	1	0	0	0	0	0	0	-1	0	-1	0	0	0	0	0	0	0	0	0	0	0	0	0	0	0	0	0	1	0	0	0	2	0	0	-2	0	1	0	0	0	0	-1	0
OG0000230	-1	0	0	0	0	0	0	0	0	4	-1	-1	-1	0	0	0	0	0	1	0	0	-1	1	0	0	0	0	0	0	0	0	0	3	4	2	-2	0	-2	2	0	0	-2	0	0	0	0	0	-1	0	0	0	0	0	2	0	0	0	0	0	0	2	0	0	0	0	0	0	0	-1	0	0	1	0	-1	0	1	2	0	0	0	0	0	0
OG0000234	-1	-1	5	0	0	0	0	0	0	2	1	-1	-1	0	-1	0	0	0	0	0	0	0	0	0	0	0	0	0	0	0	0	0	0	-1	-1	-1	2	0	0	0	0	0	0	0	0	0	0	-1	-1	0	0	0	0	22	0	0	0	0	-1	0	0	0	0	0	-1	0	0	0	0	0	0	0	-1	0	0	0	0	0	0	0	-1	0	0
OG0000241	-1	0	0	0	0	0	0	0	0	0	-1	-1	-1	-1	0	0	0	0	-1	0	-1	0	-1	0	0	0	0	0	0	4	-4	-3	3	2	0	0	0	1	1	1	0	-1	0	0	0	-1	0	-1	0	-1	0	0	0	0	0	0	0	0	0	-1	0	0	0	0	0	0	0	-1	-1	0	0	4	0	0	0	0	0	-1	0	0	0	0	0
OG0000251	-1	0	0	0	0	0	0	0	0	0	0	0	0	0	0	0	0	0	0	0	0	0	2	0	0	-1	9	0	0	4	-1	-1	0	-1	9	-5	1	0	1	0	2	0	0	0	0	2	0	-1	-1	0	0	0	-1	0	0	0	0	0	0	0	0	0	0	0	0	0	0	-1	0	1	0	2	0	0	-1	2	0	2	-1	0	1	0	0
OG0000258	-1	0	0	0	0	-2	5	1	-2	0	0	0	-1	-1	1	0	0	1	0	0	-1	0	0	0	0	0	0	0	0	0	-1	-3	3	3	0	-5	1	0	0	1	0	-3	0	0	0	0	0	-1	1	6	0	0	0	0	0	0	0	0	0	0	0	0	0	0	0	0	1	-1	0	0	0	3	0	0	0	0	2	0	0	0	0	1	0
OG0000264	0	0	0	-1	0	0	0	0	0	0	0	-1	0	0	0	0	0	0	0	0	0	-1	1	-1	3	0	3	-2	0	0	-1	-1	1	0	-1	-1	7	0	0	0	0	-1	0	0	0	-1	0	0	-1	0	0	0	0	0	0	0	-1	0	0	0	0	0	0	1	0	0	0	0	1	0	0	0	0	0	0	0	0	0	0	0	-1	0	0
OG0000289	3	-1	0	0	0	0	0	0	0	0	0	0	0	0	0	0	0	0	0	0	0	-1	4	0	-1	0	0	-3	6	0	0	0	0	0	0	0	0	0	4	0	0	-1	0	0	0	0	0	-1	-1	0	0	0	-1	0	0	0	0	0	0	0	0	0	0	1	2	0	1	0	0	0	1	0	0	0	-1	0	-2	0	0	0	1	0	-1
OG0000291	-1	0	0	0	0	0	0	0	0	1	-1	0	0	-1	1	1	-1	2	0	3	-1	-1	1	1	-1	0	0	1	0	-1	0	-1	0	2	1	-3	1	0	0	0	0	0	0	0	0	0	0	-1	-1	0	0	0	0	0	0	1	1	0	0	0	0	0	0	0	0	0	0	0	0	0	0	2	0	0	0	0	1	1	0	0	0	-2	0
OG0000302	-1	1	0	0	0	-1	-1	-1	0	1	0	-1	2	0	-1	1	0	-1	-1	0	0	-1	1	0	-1	-1	0	-1	0	1	-1	-2	5	1	0	0	0	0	2	1	0	0	0	0	0	0	0	-1	0	0	0	0	0	0	0	0	0	0	0	0	0	0	-1	0	0	0	0	0	0	0	0	1	1	0	0	0	0	0	0	0	1	0	0
OG0000332	1	0	-1	0	0	0	0	0	0	0	0	0	0	0	0	0	0	0	0	0	0	7	-3	2	-2	-2	0	1	0	2	-2	3	0	-1	1	0	0	-1	8	0	0	0	0	0	0	0	0	-1	-1	0	0	0	-1	0	0	0	0	0	0	0	0	0	0	2	2	0	1	0	2	2	2	0	2	0	2	0	0	0	-3	0	0	-3	0
OG0000333	-1	-1	1	0	0	0	0	0	0	-1	0	0	-1	-1	-1	-1	-1	0	-1	0	0	1	0	0	-1	-1	1	0	0	-1	3	-2	1	3	2	-2	0	-1	0	1	0	0	0	0	0	0	0	-1	-1	0	0	0	0	0	0	0	0	0	0	0	0	0	-1	1	0	0	0	0	0	0	-1	0	0	0	0	0	4	2	0	0	0	0	0
OG0000355	4	-1	1	0	0	0	0	0	0	0	0	-1	0	0	-1	0	0	0	0	0	0	0	0	1	-1	-1	-1	0	3	0	-1	0	0	0	0	0	0	79	-1	-1	-1	0	0	0	0	0	0	-1	-1	0	0	0	0	-1	0	0	0	0	-1	0	0	0	0	0	0	0	-1	0	0	0	0	0	0	0	-1	0	-1	0	0	1	-1	0	0
OG0000361	-1	0	0	0	0	0	0	0	0	0	-1	0	0	0	0	0	0	0	0	0	0	-1	0	1	-1	-1	0	0	0	0	0	-2	0	13	0	-3	2	-1	9	0	2	-1	0	0	0	-1	0	-1	0	0	0	0	0	0	-1	0	0	0	0	0	0	0	0	0	0	0	0	0	0	0	-1	2	0	0	0	1	1	-1	0	0	0	-1	0
OG0000372	-1	1	-1	0	0	0	0	0	0	0	0	-1	0	2	-1	1	-1	0	0	2	-1	0	0	0	-1	0	0	-1	0	2	-1	0	-1	2	0	-2	0	-1	2	0	2	-1	0	0	0	0	0	-1	-1	0	0	0	0	-1	0	0	1	0	0	0	0	0	0	0	0	0	-1	0	0	0	0	0	0	0	0	2	1	0	0	0	0	0	0
OG0000375	5	0	0	0	0	0	0	0	0	0	1	-1	-1	-1	2	0	0	0	0	0	0	-1	1	0	0	-1	-1	0	1	1	0	0	-2	0	2	-2	0	0	1	2	0	-1	0	0	0	0	0	-1	-1	0	0	0	0	9	0	0	0	0	-1	0	0	0	0	0	0	0	0	-1	0	0	2	1	0	1	0	0	0	1	0	0	1	0	0
OG0000379	-1	-1	2	0	0	0	0	0	0	0	0	-1	-1	7	0	-1	3	-1	0	0	-1	2	0	1	-1	-1	-1	-1	0	2	-1	0	0	-1	0	0	-1	49	0	0	0	0	0	0	0	0	0	-1	-1	0	0	0	0	-1	0	0	0	1	0	0	0	0	0	0	0	0	0	0	0	0	0	0	0	0	0	0	0	0	0	0	-1	0	0
OG0000389	-1	0	0	0	0	0	0	0	0	1	-1	0	0	0	0	0	0	0	0	0	0	0	-1	0	-2	-1	1	0	-2	0	0	-2	5	1	1	-5	2	-2	0	0	0	-1	0	0	0	-1	0	0	-1	0	0	0	0	1	0	-1	0	0	0	0	0	0	0	1	0	0	0	0	0	0	0	2	0	-1	0	2	1	2	0	0	1	0	0
OG0000430	-1	0	-1	0	0	0	0	0	0	0	0	0	0	0	0	0	0	0	0	0	0	0	0	0	0	-1	0	0	0	1	-1	0	-1	0	0	0	0	-1	1	3	-1	1	0	0	0	0	0	-1	-1	0	0	0	-1	0	0	0	0	0	0	0	0	0	0	0	0	-1	0	0	0	0	0	0	0	0	0	0	-1	0	0	4	8	11	0
OG0000489	-1	1	0	0	0	0	0	0	0	3	-1	-1	3	2	0	-1	1	0	-1	-1	3	0	0	0	-1	-1	0	0	0	0	-3	-1	3	-1	0	0	3	0	0	1	-1	1	0	0	0	0	0	-1	-1	0	0	0	0	2	0	0	0	0	0	0	0	0	0	0	0	0	-1	0	0	0	-1	3	0	0	0	0	0	0	0	0	0	1	0
OG0000515	-1	0	0	0	0	7	1	0	0	2	-1	-1	0	24	-1	-1	2	-1	-1	0	0	1	0	0	0	1	0	-1	0	1	-1	0	-1	-1	1	0	0	1	-1	-1	-1	0	0	0	0	-1	0	-1	3	-1	-2	0	0	0	0	0	0	0	0	0	0	0	-1	0	0	0	0	0	0	0	0	0	0	0	0	0	0	0	-1	0	0	0	0
OG0000577	-1	0	-1	0	0	2	0	1	0	0	0	-1	1	-1	-1	7	-1	1	-2	-2	2	-1	0	1	0	0	1	0	0	0	0	0	1	-1	1	0	1	1	0	-1	0	0	0	0	0	0	0	-1	2	0	0	0	0	0	0	0	0	0	1	0	0	0	0	0	0	0	0	0	0	0	0	0	0	0	0	0	0	1	0	0	0	0	0
OG0000607	-1	-1	0	0	0	0	0	0	0	0	0	0	0	0	0	0	0	0	0	0	0	0	0	0	-1	0	0	0	0	3	-1	-1	6	-1	8	1	-1	-1	-1	-2	2	0	0	0	0	0	0	-1	-1	0	0	0	-1	0	0	0	0	0	0	0	0	0	0	0	0	0	-1	0	-1	0	0	2	0	0	0	0	0	5	0	0	0	0	2
OG0000614	2	4	-1	0	0	0	0	0	0	0	0	-1	-1	-1	-1	0	0	0	-1	-1	0	2	0	0	0	-1	2	-1	0	0	-1	-1	0	-3	1	-2	3	0	-1	0	1	-1	0	0	0	0	0	-1	-1	0	0	0	0	-1	0	0	0	0	0	-1	0	0	0	0	0	0	0	0	0	0	0	1	0	0	0	1	0	3	0	0	0	1	0
OG0000621	-1	-1	0	0	0	0	0	0	0	2	-1	0	0	0	0	0	0	0	0	0	0	-1	0	0	0	0	0	0	0	0	1	-2	5	0	1	0	-1	3	1	-2	3	-1	0	0	0	0	0	-1	-1	0	0	0	0	0	0	-1	0	0	0	0	0	0	0	0	0	0	0	-1	-1	0	0	3	1	0	1	0	0	0	-1	1	0	0	0
OG0000638	-1	0	0	0	0	0	0	0	0	0	-1	0	0	0	0	0	0	0	0	0	0	0	2	0	0	0	0	0	0	-1	5	0	0	2	0	-4	5	-2	0	4	-1	0	0	0	0	0	0	-1	-1	0	0	0	0	0	-1	0	0	0	0	0	0	0	0	0	0	0	0	-1	-1	0	0	1	0	0	-1	1	2	0	0	0	0	1	0
OG0000650	-1	-1	0	0	0	0	0	0	0	0	0	0	0	0	0	0	0	0	0	0	0	1	-1	0	-1	-1	4	0	0	0	-1	0	3	-2	0	-2	13	1	0	-1	-1	0	0	0	0	0	0	-1	-1	0	0	0	-1	0	0	0	0	0	0	0	0	0	0	0	0	0	0	0	0	0	-1	1	0	0	3	0	0	2	1	0	-1	0	0
OG0000900	-1	1	-1	0	0	0	0	0	0	2	-1	1	-1	-1	-1	2	0	0	-1	0	3	0	0	0	0	0	0	0	0	3	-1	0	0	3	-3	0	0	2	-1	1	0	0	0	0	0	0	0	-1	-1	0	0	0	0	1	0	0	0	0	0	0	0	0	0	0	-1	0	0	0	0	0	0	1	0	0	0	1	1	0	0	0	0	0	-1
OG0000995	-1	0	-1	0	0	0	0	0	0	1	0	-1	-1	-1	-1	-1	-1	0	-1	2	-1	-1	2	2	-2	0	-1	0	-2	4	0	-2	1	-1	1	0	0	0	0	0	-1	0	0	0	0	0	0	-1	0	0	0	0	0	0	0	0	0	0	0	0	0	0	0	1	0	0	0	0	0	0	0	0	0	1	0	0	0	0	0	0	0	0	-1
OG0001061	-1	-1	0	0	0	0	0	0	0	3	-1	0	0	0	0	0	0	0	0	0	0	0	0	0	0	0	0	0	0	3	-2	-2	6	0	-1	1	0	0	0	5	0	-1	0	0	0	0	0	-1	-1	0	0	0	0	2	-1	0	0	0	0	0	0	0	0	0	-1	0	0	0	0	0	0	1	0	0	0	0	0	0	1	1	1	2	-1
OG0001158	-1	1	0	0	0	0	0	0	0	0	0	0	3	-1	-1	-1	1	0	-1	0	0	1	0	-1	0	0	0	0	0	-2	0	-1	0	0	1	-3	2	2	-2	1	0	-1	0	0	0	0	0	-1	-1	0	0	0	0	-1	0	0	0	0	0	0	1	0	-1	0	0	0	0	0	0	0	0	1	0	0	0	0	1	1	0	0	0	0	-1
OG0001259	-1	0	-1	0	0	0	0	0	0	-1	0	0	-1	14	6	6	0	0	-1	0	0	-1	0	-1	0	0	0	0	0	0	0	2	-1	0	0	0	0	-1	-1	1	0	0	0	0	0	0	0	-1	-1	0	0	0	0	0	0	1	0	7	0	0	-1	-1	-1	0	0	0	0	0	-1	0	0	0	0	0	0	0	-1	0	0	0	0	0	-1
OG0001746	-1	0	0	0	0	0	0	0	0	0	0	0	0	0	2	0	0	-1	-1	0	-1	0	3	0	0	-1	0	0	-1	0	1	0	-1	4	2	-4	0	-2	0	0	0	-1	0	0	0	1	0	-1	-1	0	0	0	0	0	0	0	0	0	0	0	0	0	0	0	0	0	0	0	0	0	0	2	0	1	-1	1	1	0	0	0	0	0	0
OG0002409	-1	-1	0	0	0	-1	0	0	0	0	0	-1	-1	-1	0	-1	-1	0	-1	0	0	0	-1	1	0	0	0	1	0	2	-1	-2	0	0	3	-2	0	0	0	0	1	-2	0	0	0	0	0	-1	0	0	-1	0	0	0	0	0	0	0	0	0	0	0	-1	1	0	0	0	0	-1	0	0	1	-1	0	0	1	2	0	0	0	0	1	0
OG0002989	-1	0	0	0	0	1	0	0	0	0	0	-1	2	2	-2	4	1	-2	-2	3	-2	0	0	-1	0	0	0	0	0	0	0	-1	0	-1	0	-1	2	-1	0	-1	1	0	0	0	0	0	0	-1	0	-1	0	0	0	-1	0	2	0	0	0	0	0	0	0	0	0	0	-1	0	-1	0	0	1	0	0	-1	0	0	0	0	0	0	0	0
OG0003584	8	0	0	0	0	0	0	0	0	2	-1	0	0	0	0	0	0	0	0	0	0	1	-1	0	0	-1	-1	0	-1	0	0	0	0	0	0	0	0	50	0	0	0	0	0	0	-1	0	0	0	0	0	0	0	0	2	-1	0	0	0	0	0	0	0	0	0	0	0	0	-1	0	0	0	0	-1	0	0	0	-1	0	0	0	-1	0	0
OG0003598	-1	0	0	0	0	0	0	0	0	0	0	0	0	21	0	0	1	0	-1	0	1	0	0	0	0	0	0	0	0	0	0	0	0	0	-1	0	0	0	2	1	0	0	0	0	0	-1	0	0	-1	0	0	0	0	0	0	0	0	0	0	0	0	0	0	0	0	0	0	0	0	0	0	0	0	0	1	0	0	0	0	0	2	0	0
OG0003667	-1	-1	0	0	0	0	0	0	0	1	-1	-1	-1	0	1	0	-1	0	0	0	0	0	1	1	-1	0	0	0	0	-1	4	0	0	2	0	-6	4	-1	0	3	0	0	0	0	0	0	0	-1	-1	0	0	0	0	0	0	0	0	0	0	0	0	0	-1	0	0	0	0	0	-1	0	0	1	-1	0	-1	1	2	1	0	0	1	0	0
OG0003915	-1	0	0	0	0	0	0	0	0	1	-1	0	0	0	0	0	0	0	0	0	0	1	0	0	0	-1	-1	0	1	0	-1	0	0	0	-1	-1	12	2	0	0	0	0	0	0	0	0	0	-1	-1	0	0	0	0	1	0	-1	0	0	0	0	0	0	0	1	0	0	0	0	0	0	0	0	-1	0	-1	0	2	2	2	0	-1	-1	0
OG0004259	0	0	0	0	0	0	1	1	-1	0	-1	0	0	0	0	0	0	0	0	0	0	0	-1	0	-1	0	0	0	0	1	0	0	0	2	0	-4	4	-1	3	0	0	-2	0	0	0	-1	0	-1	0	1	0	0	0	0	-1	0	0	0	0	0	0	0	0	0	0	0	0	0	-1	0	0	1	-1	0	0	1	1	0	0	0	0	0	0
OG0004451	-1	-1	0	0	0	0	0	0	0	0	0	-1	-1	14	4	3	0	0	2	-1	0	0	0	0	0	0	0	0	0	0	-1	0	0	0	0	0	0	0	0	0	0	0	0	0	0	0	0	-1	-1	0	0	0	0	-1	0	0	3	5	0	0	-4	0	-3	0	-1	0	0	0	0	0	0	0	0	0	-1	-1	0	0	0	0	0	0	0
OG0005058	-1	2	-1	0	0	0	0	0	0	0	0	0	0	0	0	0	0	0	0	0	0	0	0	0	0	1	0	0	0	4	-1	0	0	-1	0	0	1	0	14	-1	0	1	0	0	0	1	0	-1	-1	0	0	0	-1	0	0	0	0	0	0	0	0	0	0	0	0	0	0	-1	0	-1	0	0	0	0	-1	0	0	0	0	2	0	-1	0
OG0005547	-1	-1	0	0	0	-1	0	0	0	0	-1	-1	-1	-1	-1	0	0	0	-1	-1	0	-1	0	0	0	0	0	0	0	0	0	-2	1	0	4	-2	0	-1	0	0	1	-2	0	0	0	0	0	-1	0	0	-1	0	0	0	0	0	0	0	0	-1	0	0	0	0	0	0	0	-1	-1	0	0	1	0	0	0	1	0	0	-1	0	0	0	0
