FamilyID	Puccinia_striiformis<1>	Cronartium_quercuum<2>	Melampsora_larici<3>	Microbotryum_saponariae<4>	Rhodotorula_toruloides<5>	Rhodotorula_paludigena<6>	Rhodotorula_diobovata<7>	Rhodotorula_graminis<8>	Tilletia_walkeri<9>	Exobasidium_rhododendri<10>	Acaromyces_ingoldii<11>	Malassezia_japonica<12>	Malassezia_sympodialis<13>	Malassezia_restricta<14>	Moesziomyces_aphidis<15>	Kalmanozyma_brasiliensis<16>	Sporisorium_reilianum<17>	Ustilago_maydis<18>	Cutaneotrichosporon_oleaginosum<19>	Cryptococcus_amylolentus<20>	Kwoniella_shandongensis<21>	Kwoniella_bestiolae<22>	Kwoniella_dejecticola<23>	Kwoniella_pini<24>	Calocera_viscosa<25>	Calocera_cornea<26>	Boletus_edulis<27>	Pleurotus_ostreatus<28>	Pholiota_conissans<29>	Abortiporus_biennis<30>	Ganoderma_leucocontextum<31>	Daedalea_quercina<32>	<33>	<34>	<35>	<36>	<37>	<38>	<39>	<40>	<41>	<42>	<43>	<44>	<45>	<46>	<47>	<48>	<49>	<50>	<51>	<52>	<53>	<54>	<55>	<56>	<57>	<58>	<59>	<60>	<61>	<62>	<63>
OG0000004	0.258677	0.0590084	0.165264	0.73503	0.5	0.5	0.5	0.5	0.5	0.5	0.5	0.5	0.5	0.5	0.5	0.5	0.5	0.5	0.5	0.5	0.5	0.5	0.5	0.5	0.0333379	1.87234e-05	0.00734272	0.285329	0.0503568	0.0457734	0.217277	0.317166	N/A	0.593352	0.724756	0.595725	0.665302	0.207591	0.5	0.5	0.534234	0.229508	0.5	0.5	0.5	0.5	0.5	0.5	0.5	0.5	0.0023943	0.0191048	0.5	0.5	0.5	0.5	3.90613e-22	0.00835786	2.96257e-07	0.216798	0.55201	0.588883	0.250354
OG0000005	0.5	0.5	0.5	0.858888	0.447955	0.000995197	0.623925	0.623925	0.357503	0.676583	0.676583	0.5	0.5	0.5	0.5	0.5	0.5	0.5	0.157681	0.147279	0.641534	0.28669	0.00589238	0.0233988	0.00797961	0.713783	0.544029	0.52241	0.897797	0.029333	0.451622	0.0178146	N/A	0.661437	0.130928	0.5	0.178704	0.779891	0.633557	0.677886	0.564994	0.372901	0.53471	0.640645	0.540059	0.240509	0.5	0.268919	0.5	0.5	4.25699e-06	0.252509	0.836623	0.739174	0.303946	0.72353	0.0788463	2.51664e-07	0.890965	0.711011	0.191941	0.444053	0.712519
OG0000006	0.768598	0.118584	0.284583	0.858888	0.447955	0.740103	0.623925	0.0728822	0.357503	0.676583	0.676583	0.5	0.5	0.5	0.5	0.5	0.5	0.5	0.5	0.5	0.5	0.5	0.5	0.5	0.773745	0.0463863	0.714097	0.280356	8.79557e-06	1.6439e-05	9.30922e-07	3.2329e-07	N/A	0.661437	0.811824	0.664907	0.178704	0.779891	0.633557	0.677886	0.564994	0.372901	0.53471	0.640645	0.540059	0.240509	0.5	0.268919	0.5	0.5	0.0690993	0.0191048	0.5	0.5	0.5	0.5	9.43147e-07	0.328887	9.92867e-21	0.478801	0.279674	0.0159007	0.899236
OG0000007	0.5	0.5	0.5	0.496572	0.0799198	0.0150844	0.133049	0.588624	0.75306	0.76602	0.76602	0.5	0.5	0.5	0.624571	0.59066	0.575089	0.575089	0.182626	0.792611	0.196621	0.658666	0.590629	0.136823	0.22356	0.88784	0.0205828	0.0200392	0.299586	0.462637	0.297989	0.906816	N/A	0.593352	0.320487	0.5	0.087911	0.0518967	0.665483	0.0202207	0.534234	0.65799	0.53471	0.0743523	0.540059	0.240509	0.5	0.686502	0.545478	0.519829	0.0023943	0.835041	0.701774	0.611057	0.681411	0.592113	9.43147e-07	0.000276474	0.252812	0.74881	0.784559	0.291034	0.775939
OG0000008	0.817383	0.372796	0.17474	0.334045	0.647682	0.0585517	0.547664	0.547664	0.5	0.5	0.5	0.5	0.5	0.5	0.5	0.5	0.5	0.5	0.294428	0.0136886	0.184997	0.564106	0.533396	0.533396	0.5	0.5	0.0126437	2.04161e-05	0.370028	0.0067763	0.0655824	0.00038247	N/A	0.593352	0.0310782	0.715649	0.665302	0.64236	0.552048	0.574035	0.534234	0.229508	0.5	0.5	0.5	0.5	0.5	0.5	0.5	0.5	0.566961	0.700306	0.587378	0.541994	0.575929	0.534006	0.0475318	0.156373	3.58067e-07	0.180385	0.00248716	0.801976	0.754365
OG0000012	0.409582	0.118584	0.68868	0.5	0.5	0.5	0.5	0.5	0.357503	0.844658	0.344683	0.5	0.5	0.5	0.0655506	0.133724	0.575089	0.575089	0.705275	0.5	0.5	0.5	0.5	0.5	0.621503	0.182577	0.206544	0.166569	0.0361918	0.0377319	7.6474e-10	0.00118212	N/A	0.593352	0.120434	0.664907	0.239688	0.5	0.5	0.5	0.534234	0.65799	0.53471	0.00172309	0.540059	0.240509	0.5	0.686502	0.545478	0.519829	0.566961	0.700306	0.12897	0.5	0.5	0.5	0.0475318	0.831762	0.0601992	0.617847	0.646324	0.00206761	0.695325
OG0000017	0.679038	0.612565	0.0590084	0.73503	0.733575	0.687529	0.547664	0.547664	0.75306	0.676583	0.676583	0.649049	0.601598	0.601598	0.624571	0.59066	0.575089	0.575089	0.452066	0.365216	0.312892	0.616161	0.0339383	0.095266	0.604176	0.184274	0.000125092	3.0179e-05	0.0192489	0.051523	4.44727e-07	0.649765	N/A	0.593352	0.724756	0.595725	0.665302	0.0752934	0.596116	0.198514	0.534234	0.65799	0.53471	0.640645	0.540059	0.665894	0.565991	0.686502	0.545478	0.519829	0.0345165	0.789807	0.652566	0.578775	0.635028	0.564582	3.13771e-11	5.20734e-09	0.316041	0.104171	0.82502	0.191515	6.60455e-05
OG0000030	0.141389	0.0560308	0.00655943	0.223056	0.230358	0.740103	0.187712	0.0728822	0.357503	0.676583	0.676583	0.649049	0.601598	0.149515	0.624571	0.59066	0.575089	0.575089	0.452066	0.740722	0.707102	0.0660685	0.0339383	0.095266	0.826904	0.826904	0.0019798	0.205027	0.205027	3.15065e-06	0.557699	0.557699	N/A	0.711785	0.000481492	0.85624	0.804481	0.779891	0.633557	0.677886	0.59267	0.059438	0.53471	0.640645	0.540059	0.665894	0.565991	0.686502	0.545478	0.519829	0.664323	0.53805	0.652566	0.578775	0.635028	0.564582	0.00414668	0.0316628	0.86273	0.660736	0.0393423	0.724478	0.271651
OG0000033	0.5	0.5	0.5	0.334045	0.00285235	0.000995197	0.5	0.5	0.357503	0.5	0.5	0.5	0.5	0.5	0.182402	0.0471638	0.5	0.5	0.294428	0.653756	0.184997	0.693581	5.40789e-08	0.0038002	0.637218	0.00654305	0.0457001	0.0294861	0.000868631	0.00795503	0.104694	0.00199283	N/A	0.593352	0.320487	0.5	0.665302	0.0116146	0.633557	0.000596419	0.534234	0.65799	0.53471	0.205174	0.540059	0.240509	0.5	0.686502	0.545478	0.0296434	0.0345165	0.444273	0.587378	0.541994	0.000245483	0.616937	0.00150784	1.16075e-05	0.847016	0.640379	0.672047	0.70076	0.654654
OG0000038	0.258677	0.0590084	0.165264	0.334045	0.785961	0.740103	0.623925	0.187712	0.357503	0.255296	0.676583	0.5	0.5	0.5	0.624571	0.59066	0.575089	0.575089	0.294428	0.653756	0.184997	0.0950606	0.0339383	0.563485	0.826904	0.826904	0.279021	0.255772	0.52241	0.485452	0.0489992	0.441775	N/A	0.593352	0.724756	0.595725	0.665302	0.0116146	0.633557	0.677886	0.534234	0.65799	0.53471	0.640645	0.540059	0.240509	0.5	0.686502	0.545478	0.519829	0.566961	0.700306	0.587378	0.541994	0.575929	0.0172814	0.000437567	0.00197393	0.3025	4.8569e-05	0.191941	0.0169895	0.603535
OG0000042	0.5	0.5	0.5	0.587179	0.630455	0.591299	0.803069	0.0265093	0.5	0.5	0.5	0.5	0.5	0.5	0.5	0.5	0.5	0.5	0.5	0.5	0.5	0.5	0.5	0.5	0.167796	0.0255253	0.0696718	4.57597e-11	0.00775134	0.104184	4.93423e-05	0.20699	N/A	0.593352	0.320487	0.5	0.0159852	0.00248687	0.17757	0.000539422	0.534234	0.229508	0.5	0.5	0.5	0.5	0.5	0.5	0.5	0.5	0.566961	0.287713	0.5	0.5	0.5	0.5	4.19832e-05	0.697148	1.10812e-09	0.812334	0.841487	0.0818287	0.353498
OG0000050	0.258677	0.165264	0.000101288	0.334045	0.158214	0.0318081	0.547664	0.547664	0.135487	0.255296	0.676583	0.5	0.5	0.5	0.5	0.5	0.5	0.5	0.0523963	4.11633e-08	0.796414	0.658666	0.590629	0.590629	0.835829	0.0484391	0.5	0.5	0.5	0.667989	0.5	0.5	N/A	0.593352	0.724756	0.595725	0.665302	0.0752934	0.596116	0.198514	0.534234	0.65799	0.53471	0.640645	0.540059	0.240509	0.5	0.268919	0.5	0.5	0.566961	0.107143	0.019381	0.639456	0.337683	0.592113	0.591344	6.07439e-07	0.653186	0.0511707	0.5	0.555111	0.0577685
OG0000056	7.93553e-09	0.271589	1.96444e-05	0.5	0.5	0.5	0.5	0.5	0.5	0.5	0.5	0.5	0.5	0.5	0.5	0.5	0.5	0.5	0.5	0.5	0.5	0.5	0.5	0.5	0.00355956	0.0114966	0.86645	0.000143308	1.14458e-11	0.85815	0.00199283	0.00428231	N/A	0.593352	0.000534041	0.490538	0.239688	0.5	0.5	0.5	0.534234	0.229508	0.5	0.5	0.5	0.5	0.5	0.5	0.5	0.5	0.566961	0.287713	0.5	0.5	0.5	0.5	0.0475318	0.831762	0.00696667	0.640379	0.672047	0.70076	0.654654
OG0000067	0.5	0.5	0.5	0.334045	0.00586014	0.0150844	0.133049	0.588624	0.357503	0.676583	0.00360614	0.5	0.5	0.5	0.5	0.5	0.5	0.5	0.0207456	0.0122273	0.0162878	0.00910635	0.657424	0.657424	4.26553e-06	0.305542	0.260787	0.0261469	6.63291e-26	0.5	0.5	0.5	N/A	0.593352	0.320487	0.5	0.665302	0.00179163	0.665483	0.0202207	0.534234	0.65799	0.53471	0.640645	0.540059	0.240509	0.5	0.268919	0.5	0.5	0.0345165	0.220911	0.0410212	0.664496	0.188143	0.65962	0.0953015	1.8379e-08	0.0555959	0.534317	0.0227501	0.0818616	0.5
OG0000078	0.258677	0.165264	0.00706528	0.12595	0.0125596	0.16406	0.0708989	0.547664	0.5	0.5	0.5	0.5	0.5	0.5	0.5	0.5	0.5	0.5	0.5	0.5	0.5	0.5	0.5	0.5	0.567405	0.099888	0.0158934	0.00163876	1.12207e-24	0.125885	0.0946353	0.892644	N/A	0.593352	0.724756	0.595725	0.665302	0.64236	0.552048	0.574035	0.534234	0.229508	0.5	0.5	0.5	0.5	0.5	0.5	0.5	0.5	0.566961	0.287713	0.5	0.5	0.5	0.5	0.0475318	0.517133	1.03563e-05	0.711011	0.191941	0.232132	0.741842
OG0000089	0.195007	0.68868	0.68868	0.820366	0.0558987	0.687529	0.547664	0.0708989	0.75306	0.676583	0.255296	0.216996	0.601598	0.601598	0.624571	0.59066	0.575089	0.575089	0.452066	0.165227	0.707102	0.616161	0.563485	0.563485	0.0120761	3.9792e-07	0.000250552	0.00791819	0.793625	0.837874	0.508396	0.816467	N/A	0.661437	0.811824	0.664907	0.753822	0.727167	0.596116	0.198514	0.564994	0.372901	0.53471	0.640645	0.540059	0.665894	0.565991	0.686502	0.545478	0.519829	0.620787	0.789807	0.652566	0.578775	0.635028	0.564582	0.0211938	0.0195978	0.824904	0.617847	0.223256	0.672929	0.630579
OG0000093	2.70162e-15	0.0342703	6.38066e-11	0.334045	0.215077	0.16406	0.547664	0.547664	0.5	0.5	0.5	0.5	0.5	0.5	0.5	0.5	0.5	0.5	0.294428	0.0136886	0.5	0.5	0.5	0.5	0.00120219	5.48826e-20	0.000142259	0.575556	0.117016	0.00155401	0.00176518	0.000736515	N/A	0.0486123	1.1107e-06	0.297155	0.385926	0.64236	0.552048	0.574035	0.534234	0.229508	0.5	0.5	0.5	0.5	0.5	0.5	0.5	0.5	0.0345165	0.444273	0.587378	0.062531	0.5	0.5	0.0211938	0.00010471	0.824904	0.0694034	0.672047	0.672929	0.630579
OG0000102	0.5	0.5	0.5	0.334045	0.733575	0.117653	0.133049	0.0487572	0.357503	0.676583	0.676583	0.5	0.5	0.5	0.5	0.5	0.5	0.5	0.0409538	0.610755	0.593759	0.307594	0.175957	0.368249	0.167796	0.358441	0.615674	0.848237	0.0294861	0.659909	0.00329633	0.479167	N/A	0.593352	0.320487	0.5	0.665302	0.0752934	0.596116	0.632056	0.534234	0.65799	0.53471	0.640645	0.540059	0.240509	0.5	0.268919	0.5	0.5	0.0023943	0.313942	0.0660488	0.125478	0.00282685	0.736083	0.141248	0.466635	0.3025	0.640379	0.672047	0.0421852	0.0399192
OG0000108	1.1681e-31	0.667457	0.0059339	0.5	0.5	0.5	0.5	0.5	0.75306	0.5	0.5	0.5	0.5	0.5	0.5	0.5	0.5	0.5	0.294428	0.653756	0.5	0.5	0.5	0.5	0.494257	1.64027e-05	3.82634e-09	0.741824	0.36695	0.0320016	0.00113063	0.0221359	N/A	0.593352	2.70978e-09	0.134964	0.239688	0.5	0.5	0.5	0.534234	0.65799	0.53471	0.205174	0.540059	0.240509	0.5	0.268919	0.5	0.5	0.566961	0.700306	0.587378	0.062531	0.5	0.5	0.0475318	0.000374561	0.740059	0.565143	0.583247	0.601284	0.573096
OG0000139	0.00881559	1.78927e-19	2.65826e-13	0.5	0.5	0.5	0.5	0.5	0.75306	0.5	0.5	0.5	0.5	0.5	0.5	0.5	0.5	0.5	0.5	0.5	0.5	0.5	0.5	0.5	2.29947e-06	7.1993e-12	6.53815e-06	0.211465	0.848237	0.632277	0.856304	0.382389	N/A	0.593352	1.80446e-10	0.510977	0.239688	0.5	0.5	0.5	0.534234	0.65799	0.53471	0.205174	0.540059	0.240509	0.5	0.268919	0.5	0.5	0.566961	0.287713	0.5	0.5	0.5	0.5	0.000437567	0.466635	0.0851187	0.660736	0.301495	0.724478	0.676129
OG0000173	0.0374239	0.778612	0.225867	0.820366	0.733575	0.687529	0.588624	0.588624	0.00366116	0.0361747	0.76602	0.5	0.5	0.5	0.5	0.5	0.5	0.5	0.0880406	0.0017666	0.404128	0.616161	0.563485	0.095266	0.826904	0.0922534	0.544029	0.0301322	0.231297	0.170057	0.886211	0.212128	N/A	0.661437	0.811824	0.0232916	0.753822	0.727167	0.596116	0.632056	0.564994	0.7456	0.565848	0.725072	0.11312	0.240509	0.5	0.268919	0.5	0.5	5.13913e-05	0.889539	0.791449	0.000932123	0.276893	0.564582	0.0630511	0.194955	0.468886	0.711011	0.747531	0.77737	0.727954
OG0000191	0.5	0.5	0.5	0.265348	0.733575	0.687529	0.588624	0.588624	0.357503	0.255296	0.00360614	0.5	0.5	0.5	0.5	0.5	0.5	0.5	0.321845	0.00331402	0.0365605	0.0984976	0.590629	0.136823	0.00367635	0.309434	0.260787	0.654706	0.0820791	0.243416	0.64453	2.79859e-08	N/A	0.593352	0.320487	0.5	0.087911	0.727167	0.596116	0.632056	0.534234	0.65799	0.53471	0.640645	0.540059	0.240509	0.5	0.268919	0.5	0.5	0.566961	0.0241927	0.701774	0.611057	0.681411	0.592113	0.591344	0.0114146	0.653186	0.534317	0.544556	0.555111	0.538773
OG0000234	6.11513e-15	0.151283	7.90208e-06	0.5	0.5	0.5	0.5	0.5	0.5	0.5	0.5	0.5	0.5	0.5	0.5	0.5	0.5	0.5	0.5	0.5	0.5	0.5	0.5	0.5	0.5	0.5	0.5	0.5	0.5	0.243416	0.64453	0.210646	N/A	0.593352	6.11093e-07	0.25799	0.239688	0.5	0.5	0.5	0.534234	0.229508	0.5	0.5	0.5	0.5	0.5	0.5	0.5	0.5	0.566961	0.287713	0.5	0.5	0.5	0.5	0.591344	0.352965	0.653186	0.0511707	0.5	0.555111	0.538773
OG0000253	0.563667	0.171203	0.635689	0.00135591	0.447955	0.370813	0.187712	0.0728822	0.357503	0.5	0.5	0.5	0.5	0.5	0.704728	0.0945584	0.633712	0.633712	0.294428	0.223591	0.184997	0.0950606	0.0498062	0.533396	0.0415864	0.309434	0.0210104	0.575556	0.358528	0.234605	0.193601	0.0485898	N/A	0.0221428	0.00290742	0.85624	0.835646	0.504193	0.633557	0.677886	0.564994	0.372901	0.53471	0.205174	0.540059	0.240509	0.5	0.099574	0.584849	0.538487	0.620787	0.444273	0.587378	0.541994	0.575929	0.534006	0.0953015	0.392395	0.114917	0.640379	0.672047	0.70076	0.654654
OG0000264	0.679038	0.612565	0.612565	0.73503	0.647682	0.611725	0.547664	0.547664	0.75306	0.676583	0.676583	0.649049	0.601598	0.601598	0.624571	0.59066	0.575089	0.575089	0.705275	0.653756	0.626395	0.564106	0.533396	0.533396	0.0347517	0.567405	2.98574e-17	0.741824	0.36695	0.390635	0.0535098	0.348098	N/A	0.593352	0.724756	0.595725	0.665302	0.64236	0.552048	0.574035	0.534234	0.65799	0.53471	0.640645	0.540059	0.665894	0.565991	0.686502	0.545478	0.519829	0.566961	0.700306	0.587378	0.541994	0.575929	0.534006	0.591344	0.749545	0.0812432	0.565143	0.583247	0.601284	0.573096
OG0000322	0.485328	1.39948e-05	9.90134e-11	0.73503	0.647682	0.611725	0.547664	0.547664	0.135487	0.676583	0.676583	0.649049	0.601598	0.601598	0.5	0.5	0.5	0.5	0.705275	0.653756	0.626395	0.564106	0.533396	0.533396	0.567405	0.567405	0.680573	0.654706	0.654706	0.667989	1.02764e-09	0.348098	N/A	0.593352	0.00013781	0.821637	0.665302	0.64236	0.552048	0.574035	0.534234	0.65799	0.53471	0.640645	0.540059	0.665894	0.565991	0.268919	0.5	0.5	0.566961	0.700306	0.587378	0.541994	0.575929	0.534006	0.591344	0.749545	0.653186	0.534317	0.544556	0.555111	0.0197468
OG0000329	1.3624e-24	0.853786	3.48261e-08	0.12595	0.5	0.5	0.5	0.5	0.75306	0.5	0.5	0.5	0.5	0.5	0.5	0.5	0.5	0.5	0.705275	1.08631e-05	0.626395	0.0950606	0.0498062	0.533396	0.5	0.5	0.260787	0.22492	0.01387	0.243416	0.210646	0.00188112	N/A	0.0486123	1.40723e-05	0.0465246	0.385926	0.207591	0.5	0.5	0.534234	0.65799	0.53471	0.205174	0.540059	0.240509	0.5	0.268919	0.5	0.5	0.566961	0.700306	0.587378	0.541994	0.575929	0.534006	0.591344	0.352965	0.653186	0.534317	0.544556	0.555111	0.538773
OG0000346	0.5	0.5	0.5	0.12595	0.647682	0.16406	0.547664	0.547664	0.5	0.5	0.5	0.5	0.5	0.5	0.5	0.5	0.5	0.5	0.679947	0.0028918	0.0955761	2.03687e-10	0.27665	4.29992e-08	0.103656	0.665194	0.260787	0.654706	0.654706	0.667989	0.64453	0.64453	N/A	0.593352	0.320487	0.5	0.665302	0.64236	0.552048	0.574035	0.534234	0.229508	0.5	0.5	0.5	0.5	0.5	0.5	0.5	0.5	0.0345165	0.00417421	0.119202	2.36089e-08	0.0286469	0.510426	0.658476	0.28491	0.364174	0.534317	0.544556	0.555111	0.538773
OG0000387	0.5	0.5	0.5	0.12595	0.5	0.5	0.5	0.5	0.5	0.5	0.5	0.5	0.5	0.5	0.5	0.5	0.5	0.5	0.5	0.5	0.5	0.5	0.5	0.5	0.00104741	1.49566e-07	2.50349e-16	0.0100715	0.612263	0.0388358	0.00462776	0.542939	N/A	0.593352	0.320487	0.5	0.665302	0.207591	0.5	0.5	0.534234	0.229508	0.5	0.5	0.5	0.5	0.5	0.5	0.5	0.5	0.566961	0.287713	0.5	0.5	0.5	0.5	4.19832e-05	0.102708	0.0120735	0.711011	0.00375544	0.77737	0.00667407
OG0000391	0.5	0.5	0.5	0.858888	0.447955	1.67214e-06	0.654438	0.654438	0.357503	0.255296	0.0941202	0.5	0.5	0.5	0.624571	0.5	0.5	0.5	0.0149518	0.863132	0.0046226	0.240582	0.00329261	0.298483	0.5	0.5	0.5	0.5	0.5	0.5	0.5	0.5	N/A	0.593352	0.320487	0.5	0.0159852	0.779891	0.0796945	0.714392	0.534234	0.65799	0.53471	0.640645	0.540059	0.240509	0.5	0.686502	0.0676752	0.5	0.566961	0.000278514	0.791449	0.686628	0.0958786	0.694631	0.134714	0.5	0.5	0.5	0.5	0.5	0.5
OG0000523	0.5	0.5	0.5	0.334045	0.647682	0.0585517	0.0243703	0.0708989	0.357503	0.676583	0.676583	0.5	0.5	0.5	0.624571	0.59066	0.575089	0.575089	0.109858	0.223591	0.184997	0.00218848	0.0498062	0.533396	0.0989411	0.773745	0.0382174	0.166329	0.741824	0.485452	5.79935e-05	0.508396	N/A	0.593352	0.320487	0.5	0.665302	0.64236	0.552048	0.574035	0.534234	0.65799	0.53471	0.640645	0.540059	0.240509	0.5	0.686502	0.545478	0.519829	0.566961	0.700306	0.587378	0.541994	0.575929	0.534006	0.0475318	0.00340874	0.740059	0.565143	0.583247	0.0565665	0.059113
OG0000537	1.01271e-52	0.0026154	0.372796	0.5	0.5	0.5	0.5	0.5	0.75306	0.5	0.5	0.5	0.5	0.5	0.5	0.5	0.5	0.5	0.5	0.5	0.5	0.5	0.5	0.5	0.5	0.5	0.5	0.5	0.5	0.5	0.5	0.5	N/A	0.593352	3.55621e-05	0.000264737	0.239688	0.5	0.5	0.5	0.534234	0.65799	0.53471	0.205174	0.540059	0.240509	0.5	0.268919	0.5	0.5	0.0992384	0.5	0.5	0.5	0.5	0.5	0.5	0.5	0.5	0.5	0.5	0.5	0.5
OG0000553	0.5	0.5	0.5	0.587179	0.842432	0.80467	0.119583	0.278676	0.5	0.5	0.5	0.5	0.5	0.5	0.5	0.5	0.5	0.5	0.452066	0.0257553	0.134017	0.616161	0.563485	0.095266	0.816588	0.816588	0.649609	0.47183	0.0111867	0.000242285	0.00199283	6.19653e-06	N/A	0.593352	0.320487	0.5	0.0159852	0.100819	0.692811	0.74373	0.534234	0.229508	0.5	0.5	0.5	0.5	0.5	0.5	0.5	0.5	0.0345165	0.789807	0.652566	0.578775	0.635028	0.564582	0.00150784	0.0203152	0.847016	0.0863213	0.0393423	0.70076	0.654654
OG0000579	3.40325e-18	0.826006	4.28863e-06	0.0702093	0.5	0.5	0.5	0.5	0.75306	0.5	0.5	0.5	0.5	0.5	0.5	0.5	0.5	0.5	0.294428	0.0815565	0.5	0.5	0.5	0.5	0.00355956	0.0114966	0.000653577	0.0261469	5.80362e-05	0.243416	0.64453	0.210646	N/A	0.0486123	0.00059134	0.188968	0.753822	0.0213325	0.5	0.5	0.534234	0.65799	0.53471	0.205174	0.540059	0.240509	0.5	0.268919	0.5	0.5	0.566961	0.700306	0.587378	0.062531	0.5	0.5	0.591344	0.133645	0.653186	0.0174422	0.583247	0.555111	0.538773
OG0000596	8.09614e-10	4.58899e-12	1.0022e-06	0.5	0.5	0.5	0.5	0.5	0.5	0.5	0.5	0.5	0.5	0.5	0.5	0.5	0.5	0.5	0.5	0.5	0.5	0.5	0.5	0.5	0.0347517	0.567405	0.260787	0.22492	0.01387	0.243416	0.64453	0.210646	N/A	0.593352	8.00153e-13	0.723848	0.239688	0.5	0.5	0.5	0.534234	0.229508	0.5	0.5	0.5	0.5	0.5	0.5	0.5	0.5	0.566961	0.287713	0.5	0.5	0.5	0.5	0.591344	0.749545	0.653186	0.534317	0.544556	0.555111	0.538773
OG0000597	0.0428953	6.33302e-12	1.14712e-15	0.265348	0.5	0.5	0.5	0.5	0.5	0.5	0.5	0.5	0.5	0.5	0.5	0.5	0.5	0.5	0.5	0.5	0.5	0.5	0.5	0.5	0.309434	0.00367635	0.680573	0.22492	0.0820791	0.5	0.5	0.5	N/A	0.0486123	1.40723e-05	0.410905	0.753822	0.0213325	0.5	0.5	0.534234	0.229508	0.5	0.5	0.5	0.5	0.5	0.5	0.5	0.5	0.566961	0.287713	0.5	0.5	0.5	0.5	0.591344	0.0114146	0.653186	0.534317	0.544556	0.0818616	0.5
OG0000643	0.5	0.5	0.5	0.334045	0.647682	0.611725	0.547664	0.0243703	0.75306	0.676583	0.0941202	0.5	0.5	0.5	0.5	0.5	0.5	0.5	0.794481	0.223591	0.626395	0.5	0.5	0.5	0.43612	0.225237	0.0198872	0.00571803	0.320187	0.122708	7.50914e-08	0.00118212	N/A	0.593352	0.320487	0.5	0.665302	0.64236	0.552048	0.574035	0.534234	0.65799	0.53471	0.640645	0.540059	0.240509	0.5	0.268919	0.5	0.5	0.0345165	0.789807	0.229564	0.541994	0.112332	0.5	0.00150784	0.248181	0.11515	0.119213	0.732012	0.744786	0.695325
OG0000676	4.42163e-09	2.92426e-09	0.000793556	0.5	0.5	0.5	0.5	0.5	0.5	0.5	0.5	0.5	0.5	0.5	0.5	0.5	0.5	0.5	0.5	0.5	0.5	0.5	0.5	0.5	0.5	0.5	0.260787	0.654706	0.01387	0.667989	6.19419e-18	0.210646	N/A	0.593352	2.70978e-09	0.88624	0.239688	0.5	0.5	0.5	0.534234	0.229508	0.5	0.5	0.5	0.5	0.5	0.5	0.5	0.5	0.566961	0.287713	0.5	0.5	0.5	0.5	0.591344	0.352965	0.653186	0.534317	0.544556	0.555111	0.538773
OG0000720	0.568018	0.841552	0.0107716	0.5	0.5	0.5	0.5	0.5	0.5	0.5	0.5	0.5	0.5	0.5	0.5	0.5	0.5	0.5	0.5	0.5	0.5	0.5	0.5	0.5	0.0502464	1.89116e-07	1.7672e-05	0.527326	0.826317	0.134344	0.103591	0.0489992	N/A	0.593352	0.00801977	0.00985259	0.239688	0.5	0.5	0.5	0.534234	0.229508	0.5	0.5	0.5	0.5	0.5	0.5	0.5	0.5	0.566961	0.287713	0.5	0.5	0.5	0.5	0.000437567	4.77927e-06	0.824904	0.617847	0.646324	0.26508	0.603535
OG0000727	0.178166	4.83332e-23	6.70861e-11	0.5	0.5	0.5	0.5	0.5	0.75306	0.5	0.5	0.5	0.5	0.5	0.5	0.5	0.5	0.5	0.5	0.5	0.5	0.5	0.5	0.5	0.000608931	0.182577	0.0840616	0.0261469	0.741824	0.756781	0.210646	0.64453	N/A	0.593352	1.57694e-07	0.431451	0.239688	0.5	0.5	0.5	0.534234	0.65799	0.53471	0.205174	0.540059	0.240509	0.5	0.268919	0.5	0.5	0.566961	0.287713	0.5	0.5	0.5	0.5	0.0475318	0.831762	0.740059	0.565143	0.583247	0.601284	0.109704
OG0000788	0.00377312	0.612565	0.165264	0.73503	0.647682	0.0585517	0.547664	0.547664	0.75306	0.676583	0.676583	0.5	0.5	0.5	0.624571	0.59066	0.575089	0.575089	0.705275	0.653756	0.626395	0.564106	0.533396	0.533396	0.567405	0.567405	0.260787	0.0820791	0.654706	0.390635	1.14426e-20	0.348098	N/A	0.593352	0.724756	0.595725	0.665302	0.64236	0.552048	0.574035	0.534234	0.65799	0.53471	0.640645	0.540059	0.240509	0.5	0.686502	0.545478	0.519829	0.566961	0.700306	0.587378	0.541994	0.575929	0.534006	0.591344	0.749545	0.653186	0.534317	0.544556	0.0282683	0.573096
OG0000805	0.409582	0.68868	0.68868	0.223056	1.81215e-07	0.430742	0.741589	0.0305934	0.357503	0.5	0.5	0.5	0.5	0.5	0.624571	0.59066	0.575089	0.111107	0.5	0.5	0.5	0.5	0.5	0.5	0.5	0.5	0.680573	0.5	0.5	0.0165011	0.0485898	0.839686	N/A	0.0486123	0.811824	0.664907	0.178704	3.94318e-06	0.476421	0.175484	0.534234	0.65799	0.53471	0.205174	0.540059	0.240509	0.5	0.686502	0.545478	0.519829	0.566961	0.287713	0.5	0.5	0.5	0.5	0.591344	0.352965	0.0812432	0.0977555	0.0663137	0.000333462	0.654654
OG0001060	0.5	0.5	0.5	3.0335e-32	0.5	0.5	0.5	0.5	0.357503	6.29607e-08	0.0361747	0.5	0.5	0.5	0.182402	0.59066	0.111107	0.575089	0.5	0.5	0.5	0.5	0.5	0.5	0.5	0.5	0.5	0.5	0.5	0.5	0.5	0.5	N/A	0.593352	0.320487	0.5	0.0159852	0.00593865	0.5	0.5	0.534234	0.65799	0.53471	0.0743523	0.540059	0.240509	0.5	0.686502	0.545478	0.519829	0.0992384	0.5	0.5	0.5	0.5	0.5	0.5	0.5	0.5	0.5	0.5	0.5	0.5
OG0001075	0.000750092	0.5	0.5	0.5	0.5	0.5	0.5	0.5	0.135487	0.5	0.5	0.5	0.5	0.5	0.5	0.5	0.5	0.5	0.294428	0.223591	0.184997	0.616161	0.563485	0.095266	0.5	0.5	0.649609	0.612263	0.0200887	0.0152444	0.000815144	0.00213265	N/A	0.593352	0.724756	0.141047	0.239688	0.5	0.5	0.5	0.534234	0.65799	0.53471	0.205174	0.540059	0.240509	0.5	0.268919	0.5	0.5	0.566961	0.700306	0.587378	0.541994	0.03928	0.564582	0.591344	0.352965	6.34286e-05	0.660736	0.694619	0.0567242	0.712519
OG0001535	0.5	0.5	0.5	0.334045	0.215077	0.16406	0.547664	0.0708989	0.5	0.5	0.5	0.5	0.5	0.5	0.5	0.5	0.5	0.5	0.5	0.5	0.5	0.5	0.5	0.5	1.93557e-17	0.043058	0.260787	0.654706	0.22492	0.5	0.5	0.5	N/A	0.593352	0.320487	0.5	0.665302	0.64236	0.552048	0.574035	0.534234	0.229508	0.5	0.5	0.5	0.5	0.5	0.5	0.5	0.5	0.566961	0.287713	0.5	0.5	0.5	0.5	0.0475318	8.24971e-14	0.364174	0.534317	0.544556	0.0818616	0.5
OG0002041	1.16848e-13	0.0026154	0.741314	0.5	0.5	0.5	0.5	0.5	0.00355787	0.5	0.5	0.5	0.5	0.5	0.5	0.5	0.5	0.5	0.294428	0.653756	0.5	0.5	0.5	0.5	0.358441	0.000634466	0.260787	0.22492	0.01387	0.667989	0.5	0.5	N/A	0.593352	0.00801977	0.396325	0.239688	0.5	0.5	0.5	0.534234	0.65799	0.53471	0.205174	0.540059	0.240509	0.5	0.268919	0.5	0.5	0.566961	0.700306	0.587378	0.062531	0.5	0.5	0.591344	0.00333593	0.653186	0.534317	0.544556	0.555111	0.0577685
OG0003480	0.253657	3.21692e-06	2.80985e-34	0.73503	0.5	0.5	0.5	0.5	0.5	0.5	0.5	0.5	0.5	0.5	0.5	0.5	0.5	0.5	0.5	0.5	0.5	0.5	0.5	0.5	0.5	0.5	0.260787	0.0820791	0.654706	0.243416	0.0119949	0.64453	N/A	0.593352	0.00206951	0.0169479	0.665302	0.207591	0.5	0.5	0.534234	0.229508	0.5	0.5	0.5	0.5	0.5	0.5	0.5	0.5	0.566961	0.287713	0.5	0.5	0.5	0.5	0.591344	0.352965	0.653186	0.534317	0.544556	0.555111	0.538773
OG0003751	0.00213029	0.143808	3.04785e-26	0.5	0.5	0.5	0.5	0.5	0.5	0.5	0.5	0.5	0.5	0.5	0.5	0.5	0.5	0.5	0.5	0.5	0.5	0.5	0.5	0.5	0.5	0.5	0.019332	0.22492	0.0820791	0.0893902	0.5	0.5	N/A	0.593352	0.00801977	6.66947e-08	0.239688	0.5	0.5	0.5	0.534234	0.229508	0.5	0.5	0.5	0.5	0.5	0.5	0.5	0.5	0.566961	0.287713	0.5	0.5	0.5	0.5	0.591344	0.352965	0.653186	0.534317	0.544556	0.555111	0.0577685
OG0003754	0.00235828	3.41755e-12	1.16587e-14	0.5	0.5	0.5	0.5	0.5	0.5	0.5	0.5	0.5	0.5	0.5	0.5	0.5	0.5	0.5	0.294428	0.0815565	0.5	0.5	0.5	0.5	0.099888	0.0347517	0.260787	0.22492	0.01387	0.667989	0.64453	0.210646	N/A	0.593352	1.05009e-08	0.467332	0.239688	0.5	0.5	0.5	0.534234	0.229508	0.5	0.5	0.5	0.5	0.5	0.5	0.5	0.5	0.566961	0.700306	0.587378	0.062531	0.5	0.5	0.591344	0.749545	0.653186	0.534317	0.544556	0.555111	0.538773
OG0003755	0.0130637	2.02671e-46	4.28863e-06	0.5	0.5	0.5	0.5	0.5	0.135487	0.5	0.5	0.5	0.5	0.5	0.5	0.5	0.5	0.5	0.5	0.5	0.5	0.5	0.5	0.5	0.5	0.5	0.5	0.5	0.5	0.5	0.5	0.5	N/A	0.593352	0.0310782	0.00474907	0.239688	0.5	0.5	0.5	0.534234	0.65799	0.53471	0.205174	0.540059	0.240509	0.5	0.268919	0.5	0.5	0.0992384	0.5	0.5	0.5	0.5	0.5	0.5	0.5	0.5	0.5	0.5	0.5	0.5
OG0003999	0.5	0.5	0.5	0.121643	0.785961	0.0278814	0.623925	0.623925	0.357503	0.676583	0.255296	0.5	0.5	0.5	0.624571	0.59066	0.575089	0.575089	0.5	0.5	0.5	0.5	0.5	0.5	0.0463863	0.000217955	0.847641	0.0261469	0.36695	0.000530919	0.00989254	0.00199283	N/A	0.593352	0.320487	0.5	0.0159852	0.779891	0.633557	0.677886	0.534234	0.65799	0.53471	0.640645	0.540059	0.240509	0.5	0.686502	0.545478	0.519829	0.566961	0.287713	0.5	0.5	0.5	0.5	0.00456052	0.0189013	0.23909	0.617847	0.00695924	0.11165	0.654654
OG0004117	0.0011613	5.74824e-05	3.0293e-07	0.5	0.5	0.5	0.5	0.5	0.75306	0.5	0.5	0.5	0.5	0.5	0.5	0.5	0.5	0.5	0.5	0.5	0.5	0.5	0.5	0.5	0.400226	3.0953e-07	0.5	0.5	0.5	0.5	0.5	0.5	N/A	0.593352	9.17687e-06	0.846866	0.239688	0.5	0.5	0.5	0.534234	0.65799	0.53471	0.205174	0.540059	0.240509	0.5	0.268919	0.5	0.5	0.566961	0.287713	0.5	0.5	0.5	0.5	0.591344	0.000974927	0.222794	0.5	0.5	0.5	0.5
OG0004125	0.000625744	0.68868	0.0120539	0.5	0.5	0.5	0.5	0.5	0.357503	0.255296	0.0941202	0.5	0.5	0.5	0.5	0.5	0.5	0.5	0.5	0.5	0.5	0.5	0.5	0.5	0.00367635	0.309434	0.019332	0.654706	0.654706	0.243416	0.210646	6.88303e-10	N/A	0.593352	0.120434	0.664907	0.239688	0.5	0.5	0.5	0.534234	0.65799	0.53471	0.640645	0.540059	0.240509	0.5	0.268919	0.5	0.5	0.566961	0.287713	0.5	0.5	0.5	0.5	0.591344	0.0114146	0.653186	0.534317	0.544556	0.555111	0.538773
OG0004398	1.30174e-29	0.5	0.5	0.0342621	0.5	0.5	0.5	0.5	0.357503	0.5	0.5	0.5	0.5	0.5	0.182402	0.133724	0.111107	0.575089	0.5	0.5	0.5	0.5	0.5	0.5	0.5	0.5	0.5	0.5	0.5	0.5	0.5	0.5	N/A	0.593352	0.00801977	9.65294e-05	0.665302	0.207591	0.5	0.5	0.534234	0.65799	0.53471	0.205174	0.540059	0.240509	0.5	0.686502	0.545478	0.519829	0.0992384	0.5	0.5	0.5	0.5	0.5	0.5	0.5	0.5	0.5	0.5	0.5	0.5
OG0004598	0.0374239	0.0480738	7.02907e-21	0.000782181	0.215077	0.16406	0.0708989	3.31465e-10	0.357503	0.255296	0.676583	0.5	0.5	0.5	0.182402	0.133724	0.111107	0.575089	0.5	0.5	0.5	0.5	0.5	0.5	0.5	0.5	0.5	0.5	0.5	0.5	0.5	0.5	N/A	0.0486123	0.811824	0.0232916	0.753822	0.343996	0.552048	0.574035	0.534234	0.65799	0.53471	0.640645	0.540059	0.240509	0.5	0.686502	0.545478	0.519829	0.0992384	0.5	0.5	0.5	0.5	0.5	0.5	0.5	0.5	0.5	0.5	0.5	0.5
OG0004651	0.5	0.5	0.5	3.41252e-26	0.5	0.5	0.5	0.5	0.5	0.5	0.5	0.5	0.5	0.5	0.5	0.5	0.5	0.5	0.5	0.5	0.5	0.5	0.5	0.5	0.5	0.5	0.260787	0.22492	0.654706	0.5	0.5	0.5	N/A	0.593352	0.320487	0.5	0.0159852	0.00593865	0.5	0.5	0.534234	0.229508	0.5	0.5	0.5	0.5	0.5	0.5	0.5	0.5	0.566961	0.287713	0.5	0.5	0.5	0.5	0.591344	0.352965	0.653186	0.534317	0.544556	0.0818616	0.5
OG0004703	6.44385e-27	0.5	0.5	0.5	0.5	0.5	0.5	0.5	0.75306	0.5	0.5	0.5	0.5	0.5	0.5	0.5	0.5	0.5	0.705275	0.5	0.5	0.5	0.5	0.5	0.5	0.5	0.5	0.5	0.5	0.5	0.5	0.5	N/A	0.593352	0.00801977	9.65294e-05	0.239688	0.5	0.5	0.5	0.534234	0.65799	0.53471	0.205174	0.540059	0.240509	0.5	0.268919	0.5	0.5	0.566961	0.700306	0.12897	0.5	0.5	0.5	0.134714	0.5	0.5	0.5	0.5	0.5	0.5
OG0004816	0.000222665	3.88815e-05	6.85572e-10	0.73503	0.215077	0.16406	0.547664	0.0708989	0.357503	0.5	0.5	0.5	0.5	0.5	0.182402	0.133724	0.111107	0.575089	0.5	0.5	0.5	0.5	0.5	0.5	0.5	0.5	0.5	0.5	0.5	0.243416	0.210646	0.0764849	N/A	0.593352	2.36811e-06	0.85624	0.665302	0.64236	0.552048	0.574035	0.534234	0.65799	0.53471	0.205174	0.540059	0.240509	0.5	0.686502	0.545478	0.519829	0.566961	0.287713	0.5	0.5	0.5	0.5	0.591344	0.352965	0.653186	0.0511707	0.5	0.555111	0.538773
OG0004863	0.258677	0.612565	0.165264	0.5	0.5	0.5	0.5	0.5	0.5	0.5	0.5	0.5	0.5	0.5	0.5	0.5	0.5	0.5	0.5	0.5	0.5	0.5	0.5	0.5	0.0114966	0.182577	0.260787	0.0261469	1.04294e-29	0.667989	0.210646	0.64453	N/A	0.593352	0.724756	0.595725	0.239688	0.5	0.5	0.5	0.534234	0.229508	0.5	0.5	0.5	0.5	0.5	0.5	0.5	0.5	0.566961	0.287713	0.5	0.5	0.5	0.5	0.591344	0.133645	0.653186	0.534317	0.0227501	0.555111	0.538773
OG0004946	1.66399e-24	0.5	0.5	0.5	0.5	0.5	0.5	0.5	0.0402712	0.5	0.5	0.5	0.5	0.5	0.5	0.5	0.5	0.5	0.294428	0.653756	0.626395	0.0950606	0.533396	0.533396	0.5	0.5	0.5	0.5	0.5	0.5	0.5	0.5	N/A	0.593352	0.0310782	0.00147834	0.239688	0.5	0.5	0.5	0.534234	0.65799	0.53471	0.205174	0.540059	0.240509	0.5	0.268919	0.5	0.5	0.566961	0.700306	0.587378	0.541994	0.575929	0.534006	0.134714	0.5	0.5	0.5	0.5	0.5	0.5
OG0005112	0.5	0.5	0.5	9.2679e-11	0.5	0.5	0.5	0.5	0.5	0.5	0.5	0.5	0.5	0.5	0.5	0.5	0.5	0.5	0.5	0.5	0.5	0.5	0.5	0.5	0.5	0.5	3.75588e-07	0.36695	0.741824	0.0320016	0.000210205	0.0221359	N/A	0.593352	0.320487	0.5	0.087911	0.0213325	0.5	0.5	0.534234	0.229508	0.5	0.5	0.5	0.5	0.5	0.5	0.5	0.5	0.566961	0.287713	0.5	0.5	0.5	0.5	0.591344	0.352965	0.0812432	0.565143	0.583247	0.601284	0.573096
OG0005124	1.52621e-10	0.5	0.5	5.10385e-05	0.5	0.5	0.5	0.5	0.0402712	0.5	0.5	0.5	0.5	0.5	0.5	0.5	0.5	0.5	0.5	0.5	0.5	0.5	0.5	0.5	0.00355956	0.0114966	0.680573	0.22492	0.0820791	0.5	0.5	0.5	N/A	0.593352	0.120434	0.00816217	0.665302	0.207591	0.5	0.5	0.534234	0.65799	0.53471	0.205174	0.540059	0.240509	0.5	0.268919	0.5	0.5	0.566961	0.287713	0.5	0.5	0.5	0.5	0.591344	0.133645	0.653186	0.534317	0.544556	0.0818616	0.5
OG0005242	2.9604e-13	0.5	0.5	0.334045	0.647682	0.5	0.5	0.5	1.32055e-11	0.5	0.5	0.5	0.5	0.5	0.5	0.5	0.5	0.5	0.5	0.5	0.5	0.5	0.5	0.5	0.5	0.5	0.5	0.5	0.5	0.5	0.5	0.5	N/A	0.593352	0.120434	0.00816217	0.665302	0.64236	0.077357	0.5	0.534234	0.65799	0.53471	0.205174	0.540059	0.240509	0.5	0.268919	0.5	0.5	0.0992384	0.5	0.5	0.5	0.5	0.5	0.5	0.5	0.5	0.5	0.5	0.5	0.5
OG0005250	0.5	0.5	0.5	0.334045	0.215077	0.00695472	0.5	0.5	0.5	0.5	0.5	0.5	0.5	0.5	0.5	0.5	0.5	0.5	0.5	0.5	0.5	0.5	0.5	0.5	0.5	0.5	2.74242e-12	0.305285	0.00103263	0.837874	0.286518	0.000736515	N/A	0.593352	0.320487	0.5	0.665302	0.64236	0.552048	0.10957	0.534234	0.229508	0.5	0.5	0.5	0.5	0.5	0.5	0.5	0.5	0.566961	0.287713	0.5	0.5	0.5	0.5	0.591344	0.352965	0.00227005	0.617847	0.646324	0.672929	0.630579
OG0005325	7.2129e-10	0.5	0.5	0.5	0.5	0.5	0.5	0.5	0.00355787	0.5	0.5	0.5	0.5	0.5	0.5	0.5	0.5	0.5	0.5	0.5	0.5	0.5	0.5	0.5	0.182577	2.8452e-08	0.260787	0.22492	0.01387	0.5	0.5	0.5	N/A	0.593352	0.120434	0.00816217	0.239688	0.5	0.5	0.5	0.534234	0.65799	0.53471	0.205174	0.540059	0.240509	0.5	0.268919	0.5	0.5	0.566961	0.287713	0.5	0.5	0.5	0.5	0.591344	0.133645	0.653186	0.534317	0.544556	0.0818616	0.5
OG0005757	0.679038	0.5	0.5	0.5	0.5	0.5	0.5	0.5	0.5	0.5	0.5	0.5	0.5	0.5	0.5	0.5	0.5	0.5	0.5	0.5	0.5	0.5	0.5	0.5	0.5	0.5	0.5	0.5	0.5	0.243416	3.35201e-26	0.0221359	N/A	0.593352	0.724756	0.141047	0.239688	0.5	0.5	0.5	0.534234	0.229508	0.5	0.5	0.5	0.5	0.5	0.5	0.5	0.5	0.566961	0.287713	0.5	0.5	0.5	0.5	0.591344	0.352965	0.653186	0.0511707	0.5	0.555111	0.0197468
OG0005841	0.0374239	0.028345	2.57828e-17	0.000187621	0.5	0.5	0.5	0.5	0.357503	0.255296	0.676583	0.5	0.5	0.5	0.5	0.5	0.5	0.5	0.5	0.5	0.5	0.5	0.5	0.5	0.5	0.5	0.5	0.5	0.5	0.5	0.5	0.5	N/A	0.593352	0.120434	0.10007	0.665302	0.207591	0.5	0.5	0.534234	0.65799	0.53471	0.640645	0.540059	0.240509	0.5	0.268919	0.5	0.5	0.0992384	0.5	0.5	0.5	0.5	0.5	0.5	0.5	0.5	0.5	0.5	0.5	0.5
OG0005842	0.0374239	0.0026154	5.38054e-28	0.5	0.5	0.5	0.5	0.5	0.75306	0.5	0.5	0.5	0.5	0.5	0.5	0.5	0.5	0.5	0.5	0.5	0.5	0.5	0.5	0.5	0.5	0.5	0.5	0.5	0.5	0.5	0.5	0.5	N/A	0.593352	0.120434	0.10007	0.239688	0.5	0.5	0.5	0.534234	0.65799	0.53471	0.205174	0.540059	0.240509	0.5	0.268919	0.5	0.5	0.0992384	0.5	0.5	0.5	0.5	0.5	0.5	0.5	0.5	0.5	0.5	0.5	0.5
OG0005946	0.409582	1.64932e-23	0.00620126	0.5	0.5	0.5	0.5	0.5	0.5	0.5	0.5	0.5	0.5	0.5	0.5	0.5	0.5	0.5	0.5	0.5	0.5	0.5	0.5	0.5	0.5	0.5	0.5	0.5	0.5	0.243416	0.210646	0.64453	N/A	0.593352	0.120434	0.0232916	0.239688	0.5	0.5	0.5	0.534234	0.229508	0.5	0.5	0.5	0.5	0.5	0.5	0.5	0.5	0.566961	0.287713	0.5	0.5	0.5	0.5	0.591344	0.352965	0.653186	0.0511707	0.5	0.555111	0.538773
OG0006196	0.5	0.5	0.5	0.334045	0.647682	0.5	0.5	0.5	0.5	0.5	0.5	0.5	0.5	0.5	0.5	0.5	0.5	0.5	0.5	0.5	0.5	0.5	0.5	0.5	0.5	0.5	0.5	0.5	0.5	0.243416	4.89692e-23	0.0221359	N/A	0.593352	0.320487	0.5	0.665302	0.64236	0.077357	0.5	0.534234	0.229508	0.5	0.5	0.5	0.5	0.5	0.5	0.5	0.5	0.566961	0.287713	0.5	0.5	0.5	0.5	0.591344	0.352965	0.653186	0.0511707	0.5	0.555111	0.0197468
OG0006774	0.0374239	5.72746e-20	0.0026154	0.5	0.5	0.5	0.5	0.5	0.5	0.5	0.5	0.5	0.5	0.5	0.5	0.5	0.5	0.5	0.5	0.5	0.5	0.5	0.5	0.5	0.5	0.5	0.5	0.5	0.5	0.243416	0.0764849	0.210646	N/A	0.593352	0.120434	0.10007	0.239688	0.5	0.5	0.5	0.534234	0.229508	0.5	0.5	0.5	0.5	0.5	0.5	0.5	0.5	0.566961	0.287713	0.5	0.5	0.5	0.5	0.591344	0.352965	0.653186	0.0511707	0.5	0.555111	0.538773
OG0007137	0.0374239	0.0120539	1.88324e-16	0.5	0.5	0.5	0.5	0.5	0.357503	0.676583	0.255296	0.5	0.5	0.5	0.5	0.5	0.5	0.5	0.5	0.5	0.5	0.5	0.5	0.5	0.099888	0.0347517	0.5	0.5	0.5	0.5	0.5	0.5	N/A	0.593352	0.120434	0.664907	0.239688	0.5	0.5	0.5	0.534234	0.65799	0.53471	0.640645	0.540059	0.240509	0.5	0.268919	0.5	0.5	0.566961	0.287713	0.5	0.5	0.5	0.5	0.591344	0.749545	0.222794	0.5	0.5	0.5	0.5
