OG0000004	-1	1	-1	0	0	0	0	0	0	0	0	0	0	0	0	0	0	0	0	0	0	0	0	0	-5	12	14	-5	9	-9	5	4	0	0	0	0	0	-1	0	0	0	-1	0	0	0	0	0	0	0	0	2	-3	0	0	0	0	23	13	20	2	1	1	2
OG0000005	0	0	0	0	-1	4	0	0	-1	0	0	0	0	0	0	0	0	0	3	-3	-1	1	3	-2	6	-1	1	1	0	-4	1	-4	0	0	-2	0	1	0	0	0	0	-1	0	0	0	-1	0	-1	0	0	5	2	0	0	1	0	2	20	0	0	1	-1	0
OG0000006	0	1	-1	0	-1	0	0	1	-1	0	0	0	0	0	0	0	0	0	0	0	0	0	0	0	0	-2	-2	-5	22	23	24	-21	0	0	0	0	1	0	0	0	0	-1	0	0	0	-1	0	-1	0	0	1	-3	0	0	0	0	7	-3	35	1	2	6	0
OG0000007	0	0	0	-1	2	3	-1	0	0	0	0	0	0	0	0	0	0	0	-2	0	1	0	0	-1	2	0	6	-5	2	-2	2	0	0	0	-1	0	1	2	0	-2	0	0	0	1	0	-1	0	0	0	0	2	0	0	0	0	0	7	13	2	0	0	1	0
OG0000008	0	-1	1	-1	0	1	0	0	0	0	0	0	0	0	0	0	0	0	-1	2	-1	0	0	0	0	0	-6	13	2	7	4	-7	0	0	2	0	0	0	0	0	0	-1	0	0	0	0	0	0	0	0	0	0	0	0	0	0	1	-2	9	1	4	0	0
OG0000012	-1	1	0	0	0	0	0	0	-1	0	1	0	0	0	1	-1	0	0	0	0	0	0	0	0	0	-1	-2	-2	3	4	16	-5	0	0	1	0	-1	0	0	0	0	0	0	3	0	-1	0	0	0	0	0	0	-1	0	0	0	1	0	2	0	0	3	0
OG0000017	0	0	1	0	0	0	0	0	0	0	0	0	0	0	0	0	0	0	-1	-1	-1	0	1	-1	1	3	13	13	-6	5	-8	-1	0	0	0	0	0	1	0	-1	0	0	0	0	0	0	0	0	0	0	1	0	0	0	0	0	11	27	2	2	0	-2	-5
OG0000030	3	-3	5	-2	1	0	-1	1	-1	0	0	0	0	-1	0	0	0	0	-1	0	0	1	1	-1	0	0	-5	2	2	11	-1	-1	0	0	7	0	0	0	0	0	0	-2	0	0	0	0	0	0	0	0	0	-1	0	0	0	0	3	5	0	0	2	0	-1
OG0000033	0	0	0	-1	4	4	0	0	-1	0	0	0	0	0	-1	1	0	0	-1	0	-1	0	6	-2	-1	5	-3	-3	6	5	2	-4	0	0	-1	0	0	2	0	-3	0	0	0	-1	0	-1	0	0	0	-1	1	-1	0	0	3	0	3	13	0	0	0	0	0
OG0000038	-1	1	-1	-1	0	0	0	-1	-1	-1	0	0	0	0	0	0	0	0	-1	0	-1	-1	1	0	0	0	2	2	1	-1	-2	-1	0	0	0	0	0	2	0	0	0	0	0	0	0	-1	0	0	0	0	0	0	0	0	0	1	3	7	1	4	1	-2	0
OG0000042	0	0	0	-1	-1	-1	0	3	0	0	0	0	0	0	0	0	0	0	0	0	0	0	0	0	1	-2	6	-17	8	5	14	-4	0	0	-1	0	2	4	1	5	0	-1	0	0	0	0	0	0	0	0	0	-1	0	0	0	0	4	0	15	0	0	3	1
OG0000050	-1	-1	4	-1	1	2	0	0	1	-1	0	0	0	0	0	0	0	0	-2	12	0	0	0	0	0	3	0	0	0	0	0	0	0	0	0	0	0	1	0	-1	0	0	0	0	0	-1	0	-1	0	0	0	1	2	0	-1	0	0	11	0	-1	0	0	-1
OG0000056	16	1	-5	0	0	0	0	0	0	0	0	0	0	0	0	0	0	0	0	0	0	0	0	0	-2	2	0	-5	18	0	-4	5	0	0	5	-1	-1	0	0	0	0	-1	0	0	0	0	0	0	0	0	0	-1	0	0	0	0	1	0	3	0	0	0	0
OG0000067	0	0	0	-1	4	3	-1	0	-1	0	3	0	0	0	0	0	0	0	-3	4	-3	3	0	0	10	-2	-1	-2	34	0	0	0	0	0	-1	0	0	3	0	-2	0	0	0	0	0	-1	0	-1	0	0	1	1	2	0	1	0	1	17	-2	0	1	-1	0
OG0000078	-1	-1	2	1	2	-1	-1	0	0	0	0	0	0	0	0	0	0	0	0	0	0	0	0	0	0	-1	-5	-6	41	3	3	0	0	0	0	0	0	0	0	0	0	-1	0	0	0	0	0	0	0	0	0	-1	0	0	0	0	1	-1	7	0	1	1	0
OG0000089	1	0	0	0	2	0	0	-1	0	0	-1	-1	0	0	0	0	0	0	-1	1	0	0	0	0	-3	9	7	-3	0	0	-1	0	0	0	0	0	0	0	0	-1	0	-1	0	0	0	0	0	0	0	0	0	0	0	0	0	0	2	5	0	0	-1	0	0
OG0000093	32	4	-11	-1	-1	-1	0	0	0	0	0	0	0	0	0	0	0	0	-1	2	0	0	0	0	-5	24	8	-1	2	-4	5	-4	0	1	11	-2	-1	0	0	0	0	-1	0	0	0	0	0	0	0	0	1	-1	0	-1	0	0	2	10	0	1	0	0	0
OG0000102	0	0	0	-1	0	1	-1	1	-1	0	0	0	0	0	0	0	0	0	-3	-1	-1	1	1	-1	1	-1	-1	0	-3	-1	6	1	0	0	-1	0	0	1	0	0	0	0	0	0	0	-1	0	-1	0	0	2	1	2	1	4	0	1	1	1	0	0	2	2
OG0000108	61	-1	-5	0	0	0	0	0	0	0	0	0	0	0	0	0	0	0	-1	0	0	0	0	0	-1	7	13	0	-1	-2	4	-2	0	0	14	-3	-1	0	0	0	0	0	0	-1	0	-1	0	-1	0	0	0	0	0	-1	0	0	1	7	0	0	0	0	0
OG0000139	8	32	-16	0	0	0	0	0	0	0	0	0	0	0	0	0	0	0	0	0	0	0	0	0	-5	12	11	-2	0	-1	0	1	0	0	16	1	-1	0	0	0	0	0	0	-1	0	-1	0	-1	0	0	0	-1	0	0	0	0	3	1	2	0	-1	0	0
OG0000173	-2	0	1	0	0	0	0	0	5	-2	0	0	0	0	0	0	0	0	3	6	-1	0	0	-1	0	2	1	-4	2	-3	0	2	0	0	0	2	0	0	0	0	0	0	0	0	-1	-1	0	-1	0	0	4	0	0	-3	-1	0	2	3	1	0	0	0	0
OG0000191	0	0	0	1	0	0	0	0	-1	-1	3	0	0	0	0	0	0	0	1	4	-2	1	0	-1	3	-1	-1	0	1	-1	0	9	0	0	-1	0	1	0	0	0	0	0	0	0	0	-1	0	-1	0	0	0	2	0	0	0	0	0	3	0	0	0	0	0
OG0000234	30	2	-7	0	0	0	0	0	0	0	0	0	0	0	0	0	0	0	0	0	0	0	0	0	0	0	0	0	0	-1	0	-1	0	0	10	-2	-1	0	0	0	0	-1	0	0	0	0	0	0	0	0	0	-1	0	0	0	0	0	-1	0	-1	0	0	0
OG0000253	1	2	-1	7	-1	-1	-1	1	-1	0	0	0	0	0	0	1	0	0	-1	-1	-1	-1	-1	0	2	-1	4	-1	1	-2	-2	3	0	2	6	0	0	-1	0	0	0	-1	0	-1	0	-1	0	1	0	0	0	-1	0	0	0	0	1	1	2	0	0	0	0
OG0000264	0	0	0	0	0	0	0	0	0	0	0	0	0	0	0	0	0	0	0	0	0	0	0	0	1	0	25	0	-1	-1	2	-1	0	0	0	0	0	0	0	0	0	0	0	0	0	0	0	0	0	0	0	0	0	0	0	0	0	0	1	0	0	0	0
OG0000322	1	-6	15	0	0	0	0	0	1	0	0	0	0	0	0	0	0	0	0	0	0	0	0	0	0	0	0	0	0	0	12	-1	0	0	6	0	0	0	0	0	0	0	0	0	0	0	0	-1	0	0	0	0	0	0	0	0	0	0	0	0	0	0	1
OG0000329	46	0	-8	1	0	0	0	0	0	0	0	0	0	0	0	0	0	0	0	6	0	-1	-1	0	0	0	-1	-1	2	-1	-1	3	0	1	9	-3	-1	-1	0	0	0	0	0	-1	0	-1	0	-1	0	0	0	0	0	0	0	0	0	-1	0	0	0	0	0
OG0000346	0	0	0	1	0	-1	0	0	0	0	0	0	0	0	0	0	0	0	-1	-5	4	15	1	-8	1	0	-1	0	0	0	0	0	0	0	-1	0	0	0	0	0	0	-1	0	0	0	0	0	0	0	0	1	4	2	8	4	-1	0	1	-1	0	0	0	0
OG0000387	0	0	0	1	0	0	0	0	0	0	0	0	0	0	0	0	0	0	0	0	0	0	0	0	-4	9	31	-4	-1	-4	7	1	0	0	-1	0	0	-1	0	0	0	-1	0	0	0	0	0	0	0	0	0	-1	0	0	0	0	4	3	4	0	-3	0	3
OG0000391	0	0	0	0	-1	8	0	0	-1	-1	1	0	0	0	0	0	0	0	5	0	-4	1	3	-1	0	0	0	0	0	0	0	0	0	0	-1	0	2	0	1	0	0	0	0	0	0	-1	0	0	-1	0	0	5	0	0	2	0	-1	0	0	0	0	0	0
OG0000523	0	0	0	-1	0	1	1	-1	-1	0	0	0	0	0	0	0	0	0	1	-1	-1	2	-1	0	2	0	-2	1	0	-1	7	-1	0	0	-1	0	0	0	0	0	0	0	0	0	0	-1	0	0	0	0	0	0	0	0	0	0	1	5	0	0	0	1	1
OG0000537	86	-3	-1	0	0	0	0	0	0	0	0	0	0	0	0	0	0	0	0	0	0	0	0	0	0	0	0	0	0	0	0	0	0	0	7	-5	-1	0	0	0	0	0	0	-1	0	-1	0	-1	0	0	-1	0	0	0	0	0	0	0	0	0	0	0	0
OG0000553	0	0	0	-1	0	0	1	-1	0	0	0	0	0	0	0	0	0	0	-1	-2	1	0	0	-1	0	0	-1	1	5	-5	-4	9	0	0	-1	0	2	2	0	0	0	-1	0	0	0	0	0	0	0	0	1	0	0	0	0	0	3	5	0	1	2	0	0
OG0000579	33	0	-6	2	0	0	0	0	0	0	0	0	0	0	0	0	0	0	-1	1	0	0	0	0	-2	2	5	-2	6	-1	0	-1	0	1	6	-2	0	-2	0	0	0	0	0	-1	0	-1	0	-1	0	0	0	0	0	-1	0	0	0	1	0	1	0	0	0
OG0000596	26	-16	14	0	0	0	0	0	0	0	0	0	0	0	0	0	0	0	0	0	0	0	0	0	1	0	-1	-1	2	-1	0	-1	0	0	20	-1	-1	0	0	0	0	-1	0	0	0	0	0	0	0	0	0	-1	0	0	0	0	0	0	0	0	0	0	0
OG0000597	5	-12	24	1	0	0	0	0	0	0	0	0	0	0	0	0	0	0	0	0	0	0	0	0	-1	3	0	-1	1	0	0	0	0	1	9	1	0	-2	0	0	0	-1	0	0	0	0	0	0	0	0	0	-1	0	0	0	0	0	3	0	0	0	-1	0
OG0000643	0	0	0	-1	0	0	0	1	0	0	1	0	0	0	0	0	0	0	0	-1	0	0	0	0	-1	1	5	6	-2	-3	13	-5	0	0	-1	0	0	0	0	0	0	0	0	0	0	-1	0	-1	0	0	1	0	-1	0	-1	0	3	2	2	1	0	0	0
OG0000676	22	-12	8	0	0	0	0	0	0	0	0	0	0	0	0	0	0	0	0	0	0	0	0	0	0	0	-1	0	2	0	21	-1	0	0	14	0	-1	0	0	0	0	-1	0	0	0	0	0	0	0	0	0	-1	0	0	0	0	0	-1	0	0	0	0	0
OG0000720	-1	0	4	0	0	0	0	0	0	0	0	0	0	0	0	0	0	0	0	0	0	0	0	0	-3	11	9	-1	0	-2	2	-2	0	0	3	3	-1	0	0	0	0	-1	0	0	0	0	0	0	0	0	0	-1	0	0	0	0	3	13	0	0	0	-1	0
OG0000727	3	34	-12	0	0	0	0	0	0	0	0	0	0	0	0	0	0	0	0	0	0	0	0	0	3	-1	2	-2	0	0	-1	0	0	0	11	1	-1	0	0	0	0	0	0	-1	0	-1	0	-1	0	0	0	-1	0	0	0	0	1	0	0	0	0	0	-1
OG0000788	3	0	-1	0	0	1	0	0	0	0	0	0	0	0	0	0	0	0	0	0	0	0	0	0	0	0	-1	1	0	-1	26	-1	0	0	0	0	0	0	0	0	0	0	0	0	0	-1	0	0	0	0	0	0	0	0	0	0	0	0	0	0	0	1	0
OG0000805	-1	0	0	-2	15	1	0	-2	-1	0	0	0	0	0	0	0	0	-1	0	0	0	0	0	0	0	0	0	0	0	4	3	0	0	1	0	0	1	8	-1	-2	0	0	0	-1	0	-1	0	0	0	0	0	-1	0	0	0	0	0	-1	1	-1	-1	3	0
OG0001060	0	0	0	60	0	0	0	0	-1	11	-2	0	0	0	-1	0	-1	0	0	0	0	0	0	0	0	0	0	0	0	0	0	0	0	0	-1	0	2	-3	0	0	0	0	0	1	0	-1	0	0	0	0	-1	0	0	0	0	0	0	0	0	0	0	0	0
OG0001075	4	0	0	0	0	0	0	0	1	0	0	0	0	0	0	0	0	0	-1	-1	-1	0	0	-1	0	0	-1	-1	4	5	7	-5	0	0	0	-1	-1	0	0	0	0	0	0	-1	0	-1	0	-1	0	0	0	0	0	0	1	0	0	-1	5	0	0	2	0
OG0001535	0	0	0	-1	-1	-1	0	-1	0	0	0	0	0	0	0	0	0	0	0	0	0	0	0	0	26	-4	-1	0	-1	0	0	0	0	0	-1	0	0	0	0	0	0	-1	0	0	0	0	0	0	0	0	0	-1	0	0	0	0	1	26	-1	0	0	-1	0
OG0002041	22	-3	0	0	0	0	0	0	4	0	0	0	0	0	0	0	0	0	-1	0	0	0	0	0	-1	4	-1	-1	2	0	0	0	0	0	3	-1	-1	0	0	0	0	0	0	-1	0	-1	0	-1	0	0	0	0	0	-1	0	0	0	4	0	0	0	0	-1
OG0003480	-2	-7	44	0	0	0	0	0	0	0	0	0	0	0	0	0	0	0	0	0	0	0	0	0	0	0	-1	1	0	-1	2	0	0	0	4	3	0	-1	0	0	0	-1	0	0	0	0	0	0	0	0	0	-1	0	0	0	0	0	-1	0	0	0	0	0
OG0003751	-4	-3	38	0	0	0	0	0	0	0	0	0	0	0	0	0	0	0	0	0	0	0	0	0	0	0	2	-1	1	1	0	0	0	0	3	9	-1	0	0	0	0	-1	0	0	0	0	0	0	0	0	0	-1	0	0	0	0	0	-1	0	0	0	0	-1
OG0003754	9	21	-15	0	0	0	0	0	0	0	0	0	0	0	0	0	0	0	-1	1	0	0	0	0	-1	1	-1	-1	2	0	0	-1	0	0	13	1	-1	0	0	0	0	-1	0	0	0	0	0	0	0	0	0	0	0	-1	0	0	0	0	0	0	0	0	0
OG0003755	-3	56	-6	0	0	0	0	0	1	0	0	0	0	0	0	0	0	0	0	0	0	0	0	0	0	0	0	0	0	0	0	0	0	0	2	3	-1	0	0	0	0	0	0	-1	0	-1	0	-1	0	0	-1	0	0	0	0	0	0	0	0	0	0	0	0
OG0003999	0	0	0	2	0	-2	0	0	-1	0	-1	0	0	0	0	0	0	0	0	0	0	0	0	0	-2	5	0	-2	-1	7	4	-4	0	0	-1	0	2	0	0	0	0	0	0	0	0	-1	0	0	0	0	0	-1	0	0	0	0	2	4	1	0	-2	1	0
OG0004117	8	8	-8	0	0	0	0	0	0	0	0	0	0	0	0	0	0	0	0	0	0	0	0	0	-1	8	0	0	0	0	0	0	0	0	8	0	-1	0	0	0	0	0	0	-1	0	-1	0	-1	0	0	0	-1	0	0	0	0	0	5	-1	0	0	0	0
OG0004125	5	0	-2	0	0	0	0	0	-1	-1	1	0	0	0	0	0	0	0	0	0	0	0	0	0	3	-1	2	0	0	-1	-1	11	0	0	1	0	-1	0	0	0	0	0	0	0	0	-1	0	-1	0	0	0	-1	0	0	0	0	0	3	0	0	0	0	0
OG0004398	46	0	0	2	0	0	0	0	-1	0	0	0	0	0	-1	-1	-1	0	0	0	0	0	0	0	0	0	0	0	0	0	0	0	0	0	3	-4	0	-1	0	0	0	0	0	-1	0	-1	0	0	0	0	-1	0	0	0	0	0	0	0	0	0	0	0	0
OG0004598	-2	-2	25	6	-1	-1	-1	7	-1	-1	0	0	0	0	-1	-1	-1	0	0	0	0	0	0	0	0	0	0	0	0	0	0	0	0	1	0	2	0	-1	0	0	0	0	0	0	0	-1	0	0	0	0	-1	0	0	0	0	0	0	0	0	0	0	0	0
OG0004651	0	0	0	49	0	0	0	0	0	0	0	0	0	0	0	0	0	0	0	0	0	0	0	0	0	0	-1	-1	0	0	0	0	0	0	-1	0	2	-3	0	0	0	-1	0	0	0	0	0	0	0	0	0	-1	0	0	0	0	0	-1	0	0	0	-1	0
OG0004703	42	0	0	0	0	0	0	0	0	0	0	0	0	0	0	0	0	0	0	0	0	0	0	0	0	0	0	0	0	0	0	0	0	0	3	-4	-1	0	0	0	0	0	0	-1	0	-1	0	-1	0	0	0	0	-1	0	0	0	-1	0	0	0	0	0	0
OG0004816	10	9	-10	0	-1	-1	0	-1	-1	0	0	0	0	0	-1	-1	-1	0	0	0	0	0	0	0	0	0	0	0	0	-1	-1	1	0	0	9	0	0	0	0	0	0	0	0	-1	0	-1	0	0	0	0	0	-1	0	0	0	0	0	-1	0	-1	0	0	0
OG0004863	-1	0	-1	0	0	0	0	0	0	0	0	0	0	0	0	0	0	0	0	0	0	0	0	0	2	-1	-1	-2	39	0	-1	0	0	0	0	0	-1	0	0	0	0	-1	0	0	0	0	0	0	0	0	0	-1	0	0	0	0	0	1	0	0	1	0	0
OG0004946	37	0	0	0	0	0	0	0	2	0	0	0	0	0	0	0	0	0	-1	0	0	-1	0	0	0	0	0	0	0	0	0	0	0	0	2	-3	-1	0	0	0	0	0	0	-1	0	-1	0	-1	0	0	0	0	0	0	0	0	-1	0	0	0	0	0	0
OG0005112	0	0	0	19	0	0	0	0	0	0	0	0	0	0	0	0	0	0	0	0	0	0	0	0	0	0	10	-1	0	-2	5	-2	0	0	-1	0	1	-2	0	0	0	-1	0	0	0	0	0	0	0	0	0	-1	0	0	0	0	0	-1	1	0	0	0	0
OG0005124	15	0	0	7	0	0	0	0	2	0	0	0	0	0	0	0	0	0	0	0	0	0	0	0	-2	2	0	-1	1	0	0	0	0	0	1	-2	0	-1	0	0	0	0	0	-1	0	-1	0	-1	0	0	0	-1	0	0	0	0	0	1	0	0	0	-1	0
OG0005242	19	0	0	-1	0	0	0	0	20	0	0	0	0	0	0	0	0	0	0	0	0	0	0	0	0	0	0	0	0	0	0	0	0	0	1	-2	0	0	-1	0	0	0	0	-1	0	-1	0	-1	0	0	-1	0	0	0	0	0	0	0	0	0	0	0	0
OG0005250	0	0	0	-1	-1	2	0	0	0	0	0	0	0	0	0	0	0	0	0	0	0	0	0	0	0	0	20	1	-4	0	1	-4	0	0	-1	0	0	0	0	-1	0	-1	0	0	0	0	0	0	0	0	0	-1	0	0	0	0	0	-1	3	0	0	0	0
OG0005325	14	0	0	0	0	0	0	0	4	0	0	0	0	0	0	0	0	0	0	0	0	0	0	0	-1	7	-1	-1	2	0	0	0	0	0	1	-2	-1	0	0	0	0	0	0	-1	0	-1	0	-1	0	0	0	-1	0	0	0	0	0	1	0	0	0	-1	0
OG0005757	0	0	0	0	0	0	0	0	0	0	0	0	0	0	0	0	0	0	0	0	0	0	0	0	0	0	0	0	0	-1	33	-2	0	0	0	-1	-1	0	0	0	0	-1	0	0	0	0	0	0	0	0	0	-1	0	0	0	0	0	-1	0	-1	0	0	1
OG0005841	-2	-2	20	6	0	0	0	0	-1	-1	0	0	0	0	0	0	0	0	0	0	0	0	0	0	0	0	0	0	0	0	0	0	0	0	1	1	0	-1	0	0	0	0	0	0	0	-1	0	-1	0	0	-1	0	0	0	0	0	0	0	0	0	0	0	0
OG0005842	-2	-3	32	0	0	0	0	0	0	0	0	0	0	0	0	0	0	0	0	0	0	0	0	0	0	0	0	0	0	0	0	0	0	0	1	1	-1	0	0	0	0	0	0	-1	0	-1	0	-1	0	0	-1	0	0	0	0	0	0	0	0	0	0	0	0
OG0005946	-1	28	-3	0	0	0	0	0	0	0	0	0	0	0	0	0	0	0	0	0	0	0	0	0	0	0	0	0	0	-1	-1	0	0	0	1	2	-1	0	0	0	0	-1	0	0	0	0	0	0	0	0	0	-1	0	0	0	0	0	-1	0	-1	0	0	0
OG0006196	0	0	0	-1	0	0	0	0	0	0	0	0	0	0	0	0	0	0	0	0	0	0	0	0	0	0	0	0	0	-1	29	-2	0	0	-1	0	0	0	-1	0	0	-1	0	0	0	0	0	0	0	0	0	-1	0	0	0	0	0	-1	0	-1	0	0	1
OG0006774	-2	23	-3	0	0	0	0	0	0	0	0	0	0	0	0	0	0	0	0	0	0	0	0	0	0	0	0	0	0	-1	1	-1	0	0	1	1	-1	0	0	0	0	-1	0	0	0	0	0	0	0	0	0	-1	0	0	0	0	0	-1	0	-1	0	0	0
OG0007137	-2	-2	18	0	0	0	0	0	-1	0	-1	0	0	0	0	0	0	0	0	0	0	0	0	0	-1	1	0	0	0	0	0	0	0	0	1	0	-1	0	0	0	0	0	0	0	0	-1	0	-1	0	0	0	-1	0	0	0	0	0	0	-1	0	0	0	0
